doc_id,T00,T01,T02,T03,T04,T05,T06,T07,T08,T09,T10,T11,T12,T13,T14,T15,T16,T17,T18,T19
0,3.536067964056979e-05,3.536067967561766e-05,3.536067999957195e-05,3.536067969036062e-05,3.53606798076655e-05,3.536067949605463e-05,3.536067985476599e-05,3.5360679541949614e-05,3.536067985203301e-05,0.7212826672033203,3.536067950073714e-05,3.5360679889290185e-05,3.536067964274043e-05,3.5360679818378525e-05,3.536067981300595e-05,0.058634176439556554,3.5360679742640925e-05,3.536067969028981e-05,0.2194820248019294,3.5360679538001844e-05
1,1.6677785644625016e-05,0.01017350778229606,0.7714501669545034,0.02233229445137088,0.06445683164066197,1.6677785642805044e-05,1.6677785696680822e-05,1.6677785527875345e-05,1.6677785693476798e-05,1.667778553407768e-05,1.6677785562555184e-05,1.6677785664369666e-05,1.667778562580086e-05,0.0037862533782259816,0.12756745679436135,1.6677785665963192e-05,1.667778557840704e-05,1.66777855385953e-05,1.6677785636799387e-05,1.6677785568393047e-05
2,3.3003300906636e-05,3.300330115319726e-05,0.3727184839065573,0.030102255413450227,0.03784880886874546,3.3003300994350886e-05,3.300330125689193e-05,3.300330079817411e-05,3.300330119313907e-05,3.300330100050728e-05,3.300330124584365e-05,3.300330110765102e-05,0.05616792245348227,0.05098847440218371,0.41234260153407093,3.300330107998487e-05,0.0394024105076175,3.300330096491923e-05,3.300330117238727e-05,3.3003301018862874e-05
3,2.934272353511772e-05,2.934272372157766e-05,0.03429772541624397,2.934272374837238e-05,2.9342723641658607e-05,0.7413181693277671,2.9342723707400442e-05,2.9342723857939627e-05,2.9342723623133248e-05,2.9342723771361516e-05,2.9342723696018827e-05,2.934272363724334e-05,0.0675008318374941,2.9342723647886793e-05,0.15641378983958604,2.9342723596755713e-05,2.9342723492130295e-05,2.9342723686163246e-05,2.934272371785268e-05,2.9342723828221314e-05
4,5.834305834160445e-05,5.834305928174121e-05,5.834305802831543e-05,5.8343058034837204e-05,5.834305790070222e-05,0.9988914818953958,5.834305816852543e-05,5.834305791297548e-05,5.8343057885236386e-05,5.834305795954351e-05,5.8343057962160604e-05,5.834305796929147e-05,5.8343058336855156e-05,5.834305795818992e-05,5.8343058052562825e-05,5.834305800989363e-05,5.8343058306669816e-05,5.834305795888313e-05,5.83430582674752e-05,5.834305826882861e-05
5,0.04198253988849704,0.13295768664531762,1.9817677735092866e-05,1.9817677756992774e-05,1.9817677793723918e-05,1.981767779243635e-05,0.023560560349050377,1.981767768482763e-05,1.981767776686556e-05,1.9817677730852182e-05,0.5745355496807535,1.9817677788198044e-05,0.14535613052929602,1.9817677774193954e-05,1.9817677902434017e-05,1.9817677814187275e-05,0.08133008541827312,1.981767770530045e-05,1.9817677793441886e-05,1.9817677773828723e-05
6,3.95882827000262e-05,3.958828288659437e-05,3.958828273787107e-05,3.9588282720808313e-05,3.958828272757568e-05,3.958828279394896e-05,3.958828282088368e-05,3.958828304303663e-05,3.958828277494539e-05,3.958828275548376e-05,0.01040967203624673,3.958828240084168e-05,3.958828268245191e-05,3.9588282853897044e-05,3.958828284952832e-05,3.9588282725019694e-05,0.04658854622378438,3.958828273944631e-05,0.9423287809330253,3.958828273120265e-05
7,2.812148536664646e-05,2.812148540195213e-05,2.8121485404717645e-05,2.812148549741447e-05,2.8121485390939946e-05,2.8121485551829433e-05,2.8121485350842362e-05,2.812148526530202e-05,2.8121485477196574e-05,2.8121485259000663e-05,2.8121485279446402e-05,2.8121485540681223e-05,0.011890527507405465,2.812148543812176e-05,0.18288504452600737,2.812148531586012e-05,2.8121485511633454e-05,0.8047463627146724,2.81214854268216e-05,2.812148543636958e-05
8,4.708098009789007e-05,0.03742290976388884,0.008860827145346112,0.16114620987772027,0.46232599502927774,0.06603977449906846,4.7080980086225776e-05,4.7080979850534495e-05,4.70809805132707e-05,0.250656527779152,0.012935703161822442,4.708098042915707e-05,4.7080980511771734e-05,4.7080980277158976e-05,4.708098028533877e-05,4.7080980103355174e-05,4.7080980421098565e-05,4.7080980145447406e-05,4.708098045143048e-05,4.708098055169111e-05
9,3.793626799625447e-05,3.7936267799684484e-05,3.793626792640072e-05,0.08562081219197036,0.19160100018423215,3.7936268004741145e-05,3.7936268028026406e-05,3.793626795954247e-05,0.15719439235744312,0.07495808366405103,0.017642273292941973,3.7936267796909374e-05,3.793626809403977e-05,3.79362680023485e-05,0.374062374469388,3.793626802325861e-05,3.793626763270746e-05,3.7936267879304856e-05,0.09842789235703359,3.793626779638698e-05
10,2.5720165154056807e-05,0.4457920775384118,2.5720165076698314e-05,2.5720165192848317e-05,0.09446155688076412,2.572016526564137e-05,2.57201652288413e-05,2.5720165299403727e-05,0.14148233087839807,2.572016528204969e-05,0.015118754961326189,2.5720165119697108e-05,0.03019610764854729,0.07222520725918812,2.5720165256648668e-05,2.5720165312921485e-05,2.5720165138943943e-05,2.5720165119098835e-05,0.20038960268579611,2.572016512147424e-05
11,3.44827594204668e-05,3.4482759381971936e-05,0.10512463717767587,3.4482759356424324e-05,0.010125608265314202,0.003985476758778974,3.448275951760981e-05,3.44827591822615e-05,3.4482759742126415e-05,3.4482759420661494e-05,0.0034080683290147093,3.44827595555633e-05,3.448275979582542e-05,0.017010077423041753,3.4482759456845935e-05,0.02554187781250706,3.4482759393210254e-05,3.448275957790653e-05,3.4482759490072944e-05,0.8343559783603764
12,0.025726213594653956,0.06186791346230758,1.6611296090086332e-05,1.6611296054090752e-05,1.6611296043888135e-05,1.6611296065991124e-05,0.34821633549286457,1.6611296090942916e-05,1.6611296054852773e-05,1.661129599308425e-05,1.6611296043861704e-05,1.661129605713943e-05,1.6611296098514598e-05,1.6611296079829173e-05,1.6611296082519458e-05,0.22175760654947302,0.030370525269067253,1.6611296004049804e-05,0.31182884748682027,1.6611296054606205e-05
13,2.1561018097458152e-05,2.15610181082655e-05,2.1561018133953624e-05,2.1561018209434485e-05,2.156101810765684e-05,2.156101816680684e-05,2.1561018168624153e-05,2.1561017987481515e-05,2.156101814988211e-05,0.9995903406555312,2.156101815804596e-05,2.1561018196999042e-05,2.1561018146160324e-05,2.1561018128864945e-05,2.1561018259679853e-05,2.156101802339063e-05,2.1561018081933085e-05,2.1561018066509943e-05,2.156101817827087e-05,2.1561018099433684e-05
14,1.1039964842112344e-05,0.9997902406677238,1.1039964843426483e-05,1.1039964895978102e-05,1.1039964844045128e-05,1.1039964847647913e-05,1.1039964867961469e-05,1.1039964808450167e-05,1.1039964870879712e-05,1.103996483749283e-05,1.1039964834638845e-05,1.1039964853776394e-05,1.1039964946064103e-05,1.1039964833076266e-05,1.1039964869866676e-05,1.1039964834680094e-05,1.1039964869294688e-05,1.1039964852062653e-05,1.1039964858852498e-05,1.1039964865788231e-05
15,2.8885038215803184e-05,2.888503813367059e-05,2.8885038127278128e-05,2.888503822866936e-05,2.888503821646343e-05,2.888503819416994e-05,0.46211336364112643,2.8885038102475817e-05,2.88850382508253e-05,0.08898006585628858,2.8885038144709148e-05,0.04215062970468478,2.8885038236111372e-05,0.03941244694968166,2.888503821128208e-05,2.8885038347432945e-05,2.8885038254253767e-05,2.888503827623952e-05,0.33421303694045706,0.032726066372822105
16,0.038625080470001585,6.729475254374174e-05,6.72947526300043e-05,6.729475280105876e-05,6.729475234573867e-05,6.729475258597025e-05,0.3167828295516104,0.01867308347406478,6.72947522349379e-05,6.729475279964072e-05,6.729475310979474e-05,6.729475243558352e-05,6.729475279658117e-05,6.729475261055421e-05,6.729475288157201e-05,6.729475251117911e-05,6.729475244511642e-05,6.729475232211283e-05,0.5526470475671584,0.07226253764811122
17,0.8513802688969992,2.648305141014937e-05,0.0043637272221431255,2.6483051400273693e-05,0.00433932223442715,0.03287765472813531,0.01556525404627626,2.6483051512981937e-05,0.010853158719291066,0.005209113677430987,2.6483051267080974e-05,2.6483051379122738e-05,2.6483051403185172e-05,2.648305145569594e-05,0.039763624923152295,2.648305158767234e-05,2.648305141729059e-05,2.64830514157034e-05,0.035356561986425505,2.6483051469712475e-05
18,3.4843206576708456e-05,3.4843206328010346e-05,0.08712538802864621,3.484320633930762e-05,3.4843206490390763e-05,3.484320654598531e-05,3.484320632499174e-05,3.48432062897245e-05,0.09260096823774884,0.037081233435055705,3.4843206293516766e-05,0.01025679580469257,0.02052677002485439,3.484320640051794e-05,3.484320654517682e-05,0.015946366882183823,3.484320625087186e-05,0.6317152230899918,0.10432913601994347,3.4843206497849824e-05
19,3.306878378105964e-05,3.3068783905415524e-05,3.306878395062637e-05,0.33359702127519997,3.30687837937686e-05,3.3068783742842126e-05,3.3068783697832286e-05,3.30687838702124e-05,3.306878402659745e-05,3.306878383012877e-05,3.306878387851095e-05,3.306878376320237e-05,3.3068783868838006e-05,3.3068783972047446e-05,3.3068783878729975e-05,3.3068783757781544e-05,3.306878373419286e-05,0.2888638822169777,0.3769769271824795,3.306878389108784e-05
20,2.9744200591532752e-05,2.9744200618890626e-05,0.4686846817518408,2.9744200627277583e-05,2.9744200591229162e-05,2.9744200604379542e-05,2.9744200555358767e-05,2.9744200487827544e-05,2.9744200499825925e-05,2.97442003477158e-05,2.9744200877731568e-05,2.9744200641027886e-05,2.974420073878005e-05,0.030192660677037055,2.974420063734411e-05,2.9744200695632996e-05,2.974420052912666e-05,0.22713593646908825,2.9744200531402368e-05,0.27351081389245885
21,1.5683814511746006e-05,1.5683814566898134e-05,0.999702007518862,1.5683814663857484e-05,1.5683814570999498e-05,1.568381454633305e-05,1.5683814568062774e-05,1.5683814576399187e-05,1.5683814619003098e-05,1.5683814628906804e-05,1.568381454745484e-05,1.5683814591034138e-05,1.5683814591941158e-05,1.5683814607971104e-05,1.568381459695091e-05,1.56838146322496e-05,1.568381464726989e-05,1.568381846937946e-05,1.56838146180407e-05,1.568381458345165e-05
22,1.9282684682693594e-05,1.9282684515892004e-05,0.405037555171829,0.18175327207909864,0.3628857896403057,1.9282684540824527e-05,0.012555621065283224,1.928268452284936e-05,1.9282684506673246e-05,1.928268460670643e-05,0.03023640368069609,1.928268458605122e-05,1.9282684508049095e-05,1.9282684604364246e-05,0.00369468729895822,1.9282684512714773e-05,1.9282684511764714e-05,0.0035859961645315205,1.928268457767373e-05,1.9282684621388317e-05
23,1.8288222767960737e-05,0.0890131749641323,1.828822268162933e-05,0.04109457965328026,1.828822279558402e-05,1.828822273462466e-05,0.02486338310134647,1.828822277703688e-05,1.8288222787116848e-05,1.8288222784796662e-05,1.8288222833041117e-05,1.8288222714978406e-05,1.8288222761543927e-05,1.8288222786099077e-05,1.828822279001312e-05,0.8144422475300935,1.8288222790949323e-05,1.8288222772890655e-05,0.030312291409639282,1.828822272983282e-05
24,0.0033974010723631575,3.130870446239308e-05,3.130870450906365e-05,3.130870455070984e-05,3.1308704605370285e-05,3.130870445173037e-05,3.130870440711983e-05,3.130870433334758e-05,0.3363615040377663,0.08636214782652378,3.130870421898837e-05,3.1308704544806724e-05,3.130870441409752e-05,0.21308565581596195,3.130870452718413e-05,0.10525848931898993,3.13087045115599e-05,3.1308704537463376e-05,0.2550964800659612,3.130870435967325e-05
25,3.229974241413703e-05,3.229974225039593e-05,0.031469554337635264,3.229974221531726e-05,3.229974228136933e-05,3.229974223185571e-05,3.229974223156799e-05,3.229974239165996e-05,0.08470367493795218,3.229974246241162e-05,3.229974212498824e-05,3.2299742451791795e-05,3.2299742540724495e-05,3.229974250250706e-05,0.10492601612772895,0.13351019371348097,3.2299742262700824e-05,0.6449060647479464,3.229974249668126e-05,3.22997423979559e-05
26,2.2232103712471005e-05,0.016126590364345796,0.043536928005829985,0.04853133905224171,0.011747434784855253,2.2232103878857562e-05,2.2232103582674142e-05,2.2232103560349623e-05,0.013529125891822345,0.054028959591337106,0.7746831758462028,2.2232103785852088e-05,2.2232103730161166e-05,2.223210359775537e-05,2.2232103726750062e-05,0.022254897339946615,2.2232103514894034e-05,2.223210366614855e-05,2.223210370136043e-05,0.015316995982960992
27,3.501400619840315e-05,3.5014007134927185e-05,3.501400636281085e-05,0.2392547855314301,0.05548911395755565,3.501400615696384e-05,3.501400655140769e-05,3.5014006200829123e-05,3.501400661124271e-05,0.09630426823295472,0.016643384675443462,0.016999119477575694,3.501400627473889e-05,3.50140063334606e-05,3.5014006215203415e-05,0.07518557014609197,0.04872220525399468,0.017172299711693702,0.04560348260743495,0.3882756303417851
28,0.0049051533573291495,0.03246835826052251,2.343017867308773e-05,0.0201082783199879,2.3430178692397685e-05,0.0115153638837871,0.12825381170323982,2.3430178480537676e-05,2.343017851370378e-05,2.3430178556035986e-05,2.343017856706404e-05,2.3430178523745043e-05,0.09812957189784277,2.3430178690546976e-05,2.3430178644174182e-05,2.3430178592529892e-05,2.3430178527700304e-05,2.3430178507054486e-05,0.7043148702557631,2.3430178559199362e-05
29,2.1929825147117906e-05,2.1929825105089538e-05,2.192982512526603e-05,2.1929825085196217e-05,0.8501854906895989,2.1929824947587376e-05,2.1929825174928363e-05,2.1929824949691393e-05,2.192982507937735e-05,2.192982505512044e-05,2.192982518874278e-05,2.192982505340072e-05,0.07843759266262983,2.1929825087822964e-05,2.1929825056729784e-05,2.192982505793244e-05,2.192982518686864e-05,2.1929825015916182e-05,2.1929825076255777e-05,0.07100410962137825
30,1.8789929132048554e-05,1.8789928962109405e-05,1.878992910562986e-05,1.8789929167808683e-05,1.8789928941875207e-05,1.8789928915040045e-05,1.878992890252356e-05,1.8789928933534623e-05,1.8789928983508167e-05,1.8789929092374486e-05,1.878992895870988e-05,1.8789928918466283e-05,1.878992889334595e-05,1.8789929000918872e-05,1.87899289288372e-05,1.8789929008751887e-05,0.9484542562183025,1.8789928995101683e-05,1.8789929022926858e-05,0.05120752505983392
31,0.059478035773458976,0.06467960510753219,3.3738192534515737e-05,3.3738192309660575e-05,3.3738192360856615e-05,3.373819245656728e-05,0.017473415203168984,3.373819209493814e-05,0.01781998861965368,3.373819229872571e-05,3.37381924012992e-05,0.04395739782338568,0.050338365596756036,0.28757816091604876,0.2956705821399671,0.014061801982147152,0.022851280442543698,3.373819230912933e-05,0.0804909708294018,0.04533049002717026
32,2.89855077618457e-05,2.898550770436573e-05,2.8985507731623114e-05,2.898550781838625e-05,2.8985507728173416e-05,2.8985507732233902e-05,2.8985507764192012e-05,2.898550769274463e-05,2.8985507734321835e-05,2.8985507849412393e-05,2.8985507691202478e-05,2.898550770740872e-05,2.8985507805150317e-05,0.9994492753522519,2.898550787264476e-05,2.89855077518918e-05,2.8985507888875644e-05,2.8985507873113998e-05,2.89855078670643e-05,2.898550777325957e-05
33,0.010233617884858706,2.8636885112127432e-05,0.006162372769208667,0.05418447315349871,0.020646747188078098,2.863688490108113e-05,2.8636885052029655e-05,2.8636884977960947e-05,0.02558850601486753,2.8636884838813102e-05,2.863688485587863e-05,0.012472295136552802,2.863688504012983e-05,0.6377316139214727,0.069666929870632,0.009938545295104906,0.011365824923665556,2.8636884789842323e-05,0.14175134187738148,2.8636885110931733e-05
34,1.9334880628728656e-05,1.933488045397026e-05,0.2060293776585934,1.9334880516823907e-05,1.9334880544188252e-05,1.933488069590947e-05,1.9334880590483854e-05,1.9334880458404675e-05,0.04148300435841137,1.9334880515986158e-05,1.933488050987993e-05,1.9334880573104822e-05,0.023251104499522668,0.03157072351267861,0.07737394684655635,0.5586105677392438,1.9334880627232223e-05,1.9334880582295617e-05,1.9334880600535316e-05,0.06142992193769626
35,3.0959753240116296e-05,3.095975294510852e-05,3.0959752898838814e-05,3.0959752850157154e-05,3.095975284599118e-05,3.095975299781251e-05,0.010094550984130774,3.0959752982097375e-05,0.8427488958641383,3.0959752916480714e-05,3.0959752975312384e-05,3.09597528592689e-05,3.095975288760961e-05,3.095975302651855e-05,3.095975302665504e-05,3.0959752985847136e-05,3.095975294003414e-05,3.095975289237423e-05,0.1466302373514662,3.095975299456666e-05
36,2.630194697141123e-05,2.6301946869281093e-05,2.6301947024701644e-05,2.6301946866336092e-05,2.6301947027990734e-05,2.630194696416751e-05,0.037789455389773324,2.6301946959149967e-05,2.6301947053361827e-05,0.5897357202527151,2.6301947032608896e-05,2.630194695922403e-05,2.6301946859757746e-05,2.630194705210208e-05,0.15677742532423955,0.04493948433789179,2.6301946857386376e-05,0.016626166011569445,0.1537635214264328,2.630194688045589e-05
37,0.037610508298134136,3.9062500823869246e-05,3.906250082864631e-05,3.906250064806391e-05,3.9062500893045756e-05,3.9062501059145075e-05,3.90625010852412e-05,3.906250090522532e-05,3.90625010129759e-05,0.9616863666851219,3.9062501112428205e-05,3.906250085234347e-05,3.906250079714497e-05,3.90625009136858e-05,3.906250101524238e-05,3.906250111965936e-05,3.906250094275234e-05,3.9062500822505916e-05,3.906250096587183e-05,3.906250094634249e-05
38,4.444444554472498e-05,4.4444445386445196e-05,0.16672485691062888,4.444444554644071e-05,0.3352925939159774,0.0301607713939253,0.009574193955226339,4.444444545348832e-05,4.444444553232595e-05,4.4444445430043304e-05,0.042633826901783,4.444444516973286e-05,0.15973054536551307,4.4444445465991606e-05,0.18177376943174925,4.444444534076326e-05,0.002272165506186054,4.444444545189328e-05,0.07134838771916756,4.4444445521381726e-05
39,0.09317713104936656,2.6260504951843816e-05,0.13839796570597937,2.6260504668518803e-05,2.626050482166515e-05,0.020443703545468338,2.62605045178865e-05,2.6260504545085154e-05,2.6260504560398422e-05,2.6260504712063093e-05,0.0132027494398562,2.6260504713952566e-05,0.0586419424930089,2.626050484097904e-05,2.6260504769862762e-05,0.04301705657017744,2.6260504619660852e-05,2.6260505315416907e-05,2.626050467470642e-05,0.6327780646344312
40,0.007103127945396974,2.185314722343335e-05,2.1853147267229636e-05,2.1853147327686816e-05,2.185314729709056e-05,2.1853147219667347e-05,0.03081693960047201,2.1853147251578744e-05,2.1853147323443977e-05,0.6430455625933534,2.1853147389975132e-05,2.185314723604609e-05,2.1853147189053537e-05,2.1853147305425618e-05,2.185314736085396e-05,2.185314739898415e-05,2.1853147319600135e-05,2.185314738027804e-05,0.31868471950407656,2.185314721077647e-05
41,0.05015430614845183,3.026634464027781e-05,0.21778317498806973,3.026634434140542e-05,0.07922190243913572,3.0266344669077318e-05,3.0266344548797558e-05,3.0266344447613757e-05,3.0266344550443912e-05,3.0266344391851247e-05,3.0266344473490966e-05,3.0266344536862288e-05,0.07744766821493225,3.026634460152668e-05,0.05474591907787361,0.21212305153412364,3.0266344683466432e-05,3.0266344479594882e-05,3.026634448580539e-05,0.30813051511856315
42,4.8216008512486594e-05,0.012529011493886046,0.061101102558351494,0.0006111876308819783,0.20023706254639284,4.821600870582937e-05,4.8216008630441434e-05,4.8216008664219035e-05,0.055690739579836813,0.28232382608232803,0.06906311330649972,4.821600850071264e-05,0.15967810997374232,4.8216008715308945e-05,0.07493524892956384,4.821600883416712e-05,4.821600866941569e-05,4.8216009119198046e-05,0.08334843781113073,4.821600903438058e-05
43,5.1440330424450315e-05,5.1440330576488094e-05,0.2755051218838704,0.13848748413774142,5.14403303871542e-05,5.144033038625708e-05,0.05608056162737136,5.14403298491514e-05,0.04699441164348874,0.07404948028034405,5.1440330415011793e-05,5.144033038034026e-05,0.02923139883689151,0.11573577267980839,0.2632984849460844,5.144033071231887e-05,5.144033029416999e-05,5.1440330299146685e-05,5.1440330494388505e-05,5.1440330180844785e-05
44,2.9922203088849603e-05,0.013869985414865876,2.9922202964106936e-05,2.9922203029345207e-05,0.04248839237261742,2.992220307807555e-05,0.0352573141942414,2.9922202812809067e-05,2.9922202966664274e-05,0.08295844739656923,2.9922202652092124e-05,0.07910980442719605,2.9922203022390236e-05,2.992220298176939e-05,2.992220290316758e-05,0.09623239116929203,2.9922202995322885e-05,2.992220287652181e-05,0.6496946763868715,2.9922202975409435e-05
45,0.026800527585570035,2.4224806889556246e-05,2.4224806717312035e-05,0.021262355591860342,0.042181905277467936,2.4224806741490347e-05,2.4224806787649187e-05,2.4224807021524233e-05,2.4224806635463953e-05,0.783210112426391,2.422480658661827e-05,2.4224806706066707e-05,2.4224806755574648e-05,2.4224806834274726e-05,0.025838456593773453,0.0032232039523643016,2.42248067104178e-05,0.05665493357737325,0.04053780731405642,2.4224806757241792e-05
46,1.5365704056843404e-05,1.536570406346079e-05,1.5365704016881572e-05,1.5365704077932217e-05,1.5365704039816205e-05,1.536570397853698e-05,1.536570410478471e-05,1.5365703957392473e-05,1.536570408632616e-05,1.5365704114247223e-05,1.536570401963038e-05,1.5365704160908008e-05,1.536570402530651e-05,1.5365704107938942e-05,1.536570402889602e-05,0.7443893088553077,1.5365704063874482e-05,1.536570408577696e-05,0.2553341084716101,1.5365704093567927e-05
47,0.11501716064853877,4.032258170096028e-05,4.0322581461044784e-05,4.032258165826589e-05,4.032258134827477e-05,4.0322581549917934e-05,0.7039298413673092,4.032258141063028e-05,4.032258178827333e-05,4.03225813938709e-05,4.0322581679828515e-05,4.0322581224362155e-05,4.032258143971008e-05,4.03225814626518e-05,0.03137336431636697,0.015946856308656044,4.032258177241424e-05,4.0322581593028746e-05,4.032258140974377e-05,0.13312793863623598
48,1.5220700442397216e-05,0.1540825289906484,1.5220700544218953e-05,0.3307232414785645,1.522070052909564e-05,1.5220700481339852e-05,0.029837853070728802,1.5220700404531184e-05,1.5220700423926546e-05,0.010637010059941741,0.027657676818503497,0.03459616321477956,0.36089454702998414,1.5220700451381902e-05,0.05138833093115059,1.5220700490860772e-05,1.522070046273969e-05,1.522070048141363e-05,1.5220700496289775e-05,1.522070049054999e-05
49,4.1666667309568785e-05,4.166666764875036e-05,4.1666667671999066e-05,0.27235605990224454,0.050434891041500875,4.166666802713365e-05,0.07584374410283835,4.166666816512253e-05,0.012682684065608959,4.166666761116e-05,4.166666753226307e-05,4.166666739304753e-05,4.166666779935252e-05,0.30044995940220054,0.11635470146000683,4.166666748752449e-05,4.166666749303482e-05,4.166666753976035e-05,0.1713362933462854,4.1666667635595074e-05
50,1.62601628881182e-05,0.16116039595460713,1.6260162936180326e-05,1.6260162909344208e-05,1.6260162873047745e-05,1.626016287929354e-05,1.6260162916043212e-05,1.6260162856689567e-05,1.626016292453696e-05,1.6260162877494176e-05,1.6260162963651186e-05,1.6260162871045166e-05,0.8385469211130975,1.6260162923311266e-05,1.6260162897969385e-05,1.6260162894026284e-05,1.6260162937372033e-05,1.626016291409292e-05,1.6260162876688187e-05,1.6260162956421066e-05
51,0.23483575830528258,2.254283196673623e-05,2.254283191591173e-05,0.02692361372197408,2.2542831824304704e-05,2.254283183423998e-05,0.025773072362444038,2.254283189093626e-05,0.04431023190177943,2.2542832131665483e-05,2.2542831876711984e-05,0.004606780581018106,0.28946352396777436,0.12121197267537051,0.20577471522555818,0.04685236010784435,2.2542831889924058e-05,2.2542831874856816e-05,2.2542831923854128e-05,2.2542831825201634e-05
52,2.7578599729406188e-05,0.06201767871132874,2.7578599659625235e-05,2.7578599711547067e-05,2.757859965275228e-05,2.7578599645940916e-05,2.757859985185375e-05,0.23047334839255745,2.75785997190666e-05,2.7578599568965615e-05,2.757859946542959e-05,2.757859956064355e-05,2.7578599686636672e-05,0.07716457271689674,2.7578599680335184e-05,2.757859970159485e-05,0.10448937034862744,0.03329273162215361,0.49217619781311384,2.757859968823593e-05
53,6.053268868184207e-05,0.05866351244048167,0.1741747914231355,6.053268944225643e-05,0.11655629597535377,0.14874647655547982,6.053268850079255e-05,6.053268854992245e-05,6.0532689123858417e-05,0.06273006593360803,6.0532689332814804e-05,6.0532688844551396e-05,0.10981967073528077,6.0532688657952165e-05,6.0532689190294626e-05,6.053268892357597e-05,6.0532689022755365e-05,6.053268896875151e-05,6.053268911305838e-05,0.32852226198030815
54,3.465003564845181e-05,0.02081038094489057,0.04236630400079923,3.465003560745897e-05,3.4650035474179565e-05,3.465003530321079e-05,3.465003546012484e-05,0.013436010016189402,3.4650035437011875e-05,3.465003545338742e-05,3.465003514220204e-05,3.465003547728551e-05,0.21796617400740131,3.465003565256451e-05,0.10708266800926686,0.11174660390738314,0.3521410523056404,3.4650035516702245e-05,3.465003557095612e-05,0.13403500638268548
55,0.0833485025923957,2.4260068489364267e-05,0.4363084974619535,2.4260068594775007e-05,2.426006854141235e-05,2.4260068441647547e-05,2.4260068519828234e-05,2.4260068550419577e-05,0.05019598639510037,0.027701713835903013,2.4260068552798425e-05,0.023962358773466298,2.426006856700608e-05,2.4260068502240936e-05,0.05754330971341936,0.0897006422516493,2.4260068383059846e-05,0.1941746888279082,0.036797439394546765,2.426006851507852e-05
56,0.0962802729326672,0.1303939590839497,2.5125628621076255e-05,2.512562866217018e-05,2.5125628655986603e-05,2.5125628773429357e-05,0.0153158774684061,2.512562870482454e-05,2.5125628634311453e-05,2.5125628661710618e-05,0.22702279276120887,2.5125628597344923e-05,0.05089877178071544,2.512562863962147e-05,2.5125628624628918e-05,0.2405781896456785,0.04533540786438277,2.512562869741257e-05,0.10212015502114265,0.09177819152657632
57,2.8636885042152458e-05,2.863688488446824e-05,2.863688487813751e-05,2.863688508956726e-05,2.8636884990653977e-05,2.8636884941845583e-05,2.863688490489209e-05,2.8636885109804702e-05,2.8636885113424494e-05,2.8636885014561268e-05,2.8636884742007367e-05,2.863688500733836e-05,0.9994558991850777,2.8636885045656593e-05,2.8636885015477314e-05,2.863688494060059e-05,2.863688484087621e-05,2.8636884833267794e-05,2.8636885092712312e-05,2.8636885434568382e-05
58,2.4236549324933902e-05,2.423654933621633e-05,0.05860170479663392,2.423654925963992e-05,2.4236549340272035e-05,2.423654919420533e-05,2.4236549299387453e-05,2.4236549209857584e-05,0.04712313451557815,2.4236549290249505e-05,2.423654921319032e-05,0.4818209547637732,2.4236549337617085e-05,2.4236549332410502e-05,0.16679513249858738,0.0667513723168991,2.4236549205109653e-05,0.1785683894185864,2.4236549353454694e-05,2.4236549245356464e-05
59,3.013863842152573e-05,3.0138638343003817e-05,3.0138638428996943e-05,3.013863838094055e-05,0.7622606142161119,3.013863842258587e-05,3.0138638253970615e-05,3.0138638755054084e-05,0.1863125075324094,3.0138638434265685e-05,3.0138638237404213e-05,0.05091452139803423,3.013863845783192e-05,3.013863843336595e-05,3.0138638506834792e-05,3.0138638530533635e-05,3.0138638455280813e-05,3.0138638466983877e-05,3.0138638378452204e-05,3.0138638537494464e-05
60,0.019119251589410708,2.5853154642946517e-05,0.10097004456078715,0.05986421719768871,0.2713774534534736,2.5853154594098622e-05,2.5853154632589263e-05,2.5853154520818634e-05,2.58531547594129e-05,0.09944174936878272,0.028012767427690707,2.5853154674602368e-05,2.5853154630164435e-05,0.1712847016879572,2.5853154594625158e-05,0.11020211552821872,2.5853154628497172e-05,2.585315458304086e-05,2.58531547776743e-05,0.13944331448495206
61,2.1533161411563045e-05,2.1533161448744597e-05,2.1533161602743074e-05,2.153316157212955e-05,2.1533161536657604e-05,2.15331615115864e-05,2.1533161393074505e-05,2.1533161392177785e-05,2.153316147520681e-05,2.1533161627205575e-05,2.1533161462969224e-05,2.15331614529425e-05,2.1533161505170652e-05,2.153316152912788e-05,0.9995908699314042,2.1533161584547956e-05,2.1533161483318263e-05,2.1533161569614396e-05,2.1533161547675213e-05,2.153316148910026e-05
62,1.5394089025805437e-05,1.5394088988238557e-05,1.5394089025828862e-05,1.5394089067305044e-05,1.539408903621192e-05,1.5394089007258637e-05,0.007225093694989128,1.539408892277559e-05,0.10767469164843015,0.4496121010457849,1.539408900433945e-05,0.03378689877438249,1.5394088994562616e-05,1.539408904343424e-05,0.023885102633167978,0.20384266618176267,1.5394088920230973e-05,0.08909392499792314,0.08469479195552658,1.5394088996927654e-05
63,6.934812906920057e-05,6.934812885175996e-05,0.03290368225154212,6.934812956759035e-05,0.022288699277840766,6.934812901309331e-05,6.934812905908791e-05,6.93481290647663e-05,0.056321743379118085,0.6255237991143531,0.021553096517412555,6.934812972497364e-05,6.934812861615569e-05,6.934812906780264e-05,6.934812886322485e-05,6.934812912065137e-05,0.01248162583878019,0.2280258279426474,6.934812915964437e-05,6.934812912761355e-05
64,1.6458196500390724e-05,0.03931569110145542,1.6458196613737234e-05,0.2872915943288562,1.6458196516408778e-05,1.645819649585053e-05,1.6458196546022093e-05,1.6458196535476604e-05,1.6458196607739767e-05,0.13960967375494618,1.645819659817988e-05,0.024613346165167683,1.6458196565776254e-05,1.645819656321997e-05,1.645819660849367e-05,0.04160730339499781,1.6458196516010974e-05,1.645819651979539e-05,0.4673319765028312,1.6458196558574637e-05
65,3.909304230880715e-05,3.909304244753688e-05,3.909304218938652e-05,0.15282146371404776,3.909304213183373e-05,3.909304221300156e-05,3.9093042231881586e-05,3.909304227439118e-05,3.90930421787151e-05,0.18661954459330865,3.9093042147825154e-05,3.9093042274707775e-05,3.909304220322907e-05,3.909304215186016e-05,3.9093042075947354e-05,3.9093042229057294e-05,3.9093042349090306e-05,3.909304289965077e-05,0.659894409974051,3.9093042285759014e-05
66,0.0386791309620393,4.0883075047982736e-05,0.36348163769473724,4.088307509051614e-05,4.0883075142892046e-05,4.0883075428812645e-05,0.07453497284313669,4.08830749222757e-05,4.0883074963478446e-05,4.088307508629437e-05,4.088307510568541e-05,4.0883075333814803e-05,4.088307511458564e-05,4.088307527511224e-05,4.0883075378194715e-05,0.25424777324994946,4.088307523466541e-05,0.2684432391223751,4.088307517529234e-05,4.088307546237893e-05
67,2.263467664857627e-05,0.03152130616986621,2.2634676749719432e-05,0.22326449031060325,2.2634676830480625e-05,2.263467673639964e-05,2.2634676856155048e-05,2.2634676769900846e-05,2.26346768934906e-05,0.7248801740954678,2.2634676881555194e-05,2.2634676843081626e-05,2.263467677208436e-05,2.263467676209383e-05,2.263467676986692e-05,2.263467680898485e-05,2.26346767350239e-05,2.263467669072768e-05,2.2634676899932065e-05,0.019971874595414833
68,2.185314714826143e-05,2.1853147112722336e-05,2.1853147125882274e-05,2.185314717285244e-05,2.1853147177527163e-05,2.1853147126788514e-05,0.9995847902036163,2.1853147133279365e-05,2.1853147246277544e-05,2.1853147266217056e-05,2.1853147206869855e-05,2.1853147145164464e-05,2.1853147156066906e-05,2.1853147240207913e-05,2.185314719032911e-05,2.1853147194259547e-05,2.1853147181109042e-05,2.1853147149044884e-05,2.1853147292128637e-05,2.1853147118753654e-05
69,0.010137835820154211,4.314063918783565e-05,4.3140639340138425e-05,4.314063929117791e-05,4.314063922080867e-05,4.314063925481946e-05,0.012362365401697772,4.314063926485478e-05,0.059419655255637895,4.314063954072934e-05,4.314063926313167e-05,0.027024280558637453,4.314063916901038e-05,0.05502993621016906,0.058700064693064095,4.314063935672504e-05,4.314063919144557e-05,4.314063935798532e-05,0.7631513439750522,0.013656830414148608
70,5.701254330036653e-05,5.7012543248566116e-05,5.701254326991594e-05,5.701254345445933e-05,5.7012543363335976e-05,5.701254317643094e-05,5.7012543346707534e-05,0.9989167616760655,5.7012543534655586e-05,5.701254397203723e-05,5.701254332341256e-05,5.701254328069691e-05,5.7012543340609784e-05,5.70125434080479e-05,5.701254338636125e-05,5.701254325934014e-05,5.701254314473535e-05,5.70125433291266e-05,5.701254344958082e-05,5.701254334623676e-05
71,2.2553000027261663e-05,2.2552999913298e-05,2.255299994832888e-05,2.255299996823037e-05,2.2552999952381626e-05,2.2552999929374904e-05,2.2553000092282677e-05,2.255300001454076e-05,2.255300004956808e-05,2.255300008471364e-05,2.2553000037547587e-05,0.9995714930001687,2.255299992952311e-05,2.2552999958535195e-05,2.255300003040095e-05,2.2552999997820888e-05,2.2552999844882368e-05,2.2553000097416567e-05,2.255300005303183e-05,2.2552999902254748e-05
72,2.121341167090064e-05,2.1213407180752957e-05,2.12134073415136e-05,0.99959694525658,2.1213407265688433e-05,2.1213407303918974e-05,2.121340738302251e-05,2.1213407318872714e-05,2.1213407368047818e-05,2.1213407235187512e-05,2.1213407306746658e-05,2.121340719848345e-05,2.121340719519183e-05,2.1213407385815273e-05,2.1213407426619123e-05,2.1213407352246283e-05,2.1213407358660626e-05,2.121340742130557e-05,2.1213407358659508e-05,2.1213407348423894e-05
73,5.23560214579356e-05,5.235602231284927e-05,5.235602193757068e-05,0.07900157672963523,5.2356022127937223e-05,5.235602235936862e-05,5.235602187447709e-05,5.235602167783428e-05,0.15367229695112075,0.05412037836552974,5.235602289153157e-05,5.235602208330216e-05,0.01868391564607139,0.03141650278701717,5.2356022268344176e-05,5.235602206494673e-05,0.008813976177752774,5.235602190276142e-05,0.6536107250559627,5.2356021951257914e-05
74,4.4365573075412706e-05,4.436557309269024e-05,4.43655730344679e-05,4.436557313119217e-05,4.436557285962609e-05,4.436557281169047e-05,4.436557318565338e-05,4.4365572750544854e-05,0.9991570541127673,4.436557300094947e-05,4.436557280055382e-05,4.436557294281976e-05,4.436557303205553e-05,4.436557303167852e-05,4.436557302988211e-05,4.436557303908859e-05,4.4365572926450246e-05,4.436557349462705e-05,4.4365573117817994e-05,4.436557287548741e-05
75,0.016656450138392023,0.09318779067323639,2.6525199544943646e-05,2.652519963517183e-05,2.6525199606818962e-05,2.6525199619771584e-05,2.652519965213754e-05,2.6525199557454618e-05,0.029844110475690397,2.6525199553524168e-05,2.652519957639071e-05,2.652519943727681e-05,2.6525199579776233e-05,2.6525199596129637e-05,0.7024046911839421,2.65251996909984e-05,2.6525199553075264e-05,0.07856431990573733,0.07897128482875211,2.6525199646225778e-05
76,8.996041958383953e-06,0.9291726813235672,8.996041954763858e-06,8.99604191185962e-06,8.9960419158763e-06,8.996041935552543e-06,8.99604192958925e-06,8.996041961514685e-06,8.996041936630758e-06,8.996041938271788e-06,8.99604194203562e-06,8.996041932649457e-06,8.996041928919956e-06,8.996041956384176e-06,8.996041953848419e-06,8.996041932313458e-06,0.07066538992154978,8.996041921633826e-06,8.996041955151121e-06,8.996041917642905e-06
77,2.0391517576629947e-05,2.0391517567274647e-05,2.039151761112632e-05,2.0391517637688527e-05,0.9120697834595004,2.0391517546116144e-05,2.03915175273315e-05,2.03915174704182e-05,2.0391517534381807e-05,2.0391517637808643e-05,0.06553874773740313,2.0391517593606218e-05,2.039151754330261e-05,2.0391517625192616e-05,2.03915176319836e-05,2.0391517621182145e-05,0.02204481300407853,2.039151762719392e-05,2.0391517616210102e-05,2.0391517650525067e-05
78,0.029371159117409434,2.508780777548058e-05,0.1541869362495811,2.5087807749383516e-05,2.5087807849623028e-05,2.508780783081124e-05,2.5087807777589977e-05,2.508780775145968e-05,2.508780779747727e-05,2.508780775276746e-05,2.508780792651461e-05,2.508780796342128e-05,2.508780797756177e-05,0.6400001881021025,2.5087807926051556e-05,0.04870188226515274,2.5087807894207332e-05,2.508780782749994e-05,2.50878078350702e-05,0.1273635171481195
79,1.734906349569153e-05,1.734906344727635e-05,1.7349063401662104e-05,1.734906340337308e-05,1.7349063377624525e-05,1.7349063382084526e-05,1.7349064477403488e-05,1.7349063374724918e-05,1.7349063414916696e-05,1.734906339933999e-05,1.7349063415871004e-05,1.7349063371862092e-05,1.7349063488207356e-05,1.7349063423482147e-05,1.7349063394855723e-05,1.7349063418787474e-05,0.9996703677939988,1.734906335752671e-05,1.7349063469561786e-05,1.7349063487140417e-05
80,2.0008003626727244e-05,2.00080035828694e-05,2.0008003567408164e-05,2.000800362189604e-05,2.000800356193447e-05,2.0008003509403687e-05,2.0008003709458012e-05,2.0008003728757038e-05,2.0008003637056282e-05,2.0008003626841048e-05,2.0008003570998242e-05,2.0008003550920038e-05,2.0008003606394394e-05,2.0008003654465757e-05,2.000800363690582e-05,2.000800361673538e-05,2.0008011493191932e-05,2.0008003591997805e-05,2.000800365977512e-05,0.9996198479234464
81,1.8443379109000987e-05,1.8443379221797657e-05,1.8443379204642607e-05,0.1735387292306519,1.8443379241765402e-05,1.8443379162351536e-05,1.844337912079054e-05,1.8443379060136645e-05,1.8443379177104052e-05,1.844337917840838e-05,1.8443379101313316e-05,0.7077926808097798,1.844337922995318e-05,1.844337927474272e-05,1.844337923027569e-05,1.8443379279706562e-05,0.012099043958223568,1.844337914940996e-05,1.8443379231622172e-05,0.1062744519343715
82,9.402031013076966e-06,0.10682700987598057,0.014167754296519015,0.7914161806364229,9.402031067447042e-06,0.0014008179530849466,9.402031038416148e-06,9.40203099995903e-06,9.402031038238134e-06,0.08604720677233295,9.402031041972015e-06,9.402031067577556e-06,9.402031061007515e-06,9.402031032964424e-06,9.40203106518962e-06,9.402031033119455e-06,9.4020309980254e-06,9.402031073281329e-06,9.402031086328584e-06,9.402031042853703e-06
83,3.097893512499643e-05,3.097893508026774e-05,0.2568785990471559,0.17023379446987946,0.12832616118368148,3.0978935133720514e-05,3.097893497834767e-05,3.097893525187076e-05,3.097893506263441e-05,3.097893494938361e-05,0.08347648077972723,3.097893507938729e-05,3.0978935149227505e-05,3.097893492263778e-05,0.16123793350341212,3.097893506826697e-05,3.097893499441188e-05,0.08562501857905384,0.0815840684993122,0.032266196716982665
84,3.180661632948755e-05,3.180661669721313e-05,0.020105952556190212,3.180661643615107e-05,0.5339318324715716,3.18066163469398e-05,3.180661645568766e-05,0.007367421839630949,0.20155357476843813,3.180661658406805e-05,3.180661626632239e-05,3.180661675579562e-05,3.180661650304927e-05,3.1806616564012e-05,0.1139721014655631,0.049814136075617015,3.1806616523580845e-05,0.03992328079226546,3.1806616608661455e-05,0.03295002063265247
85,0.028752146384242974,5.4171181878710396e-05,0.14470504271627097,5.417118226541169e-05,0.1004558425305464,5.4171182033652346e-05,5.417118232092681e-05,5.417118183745592e-05,0.18266503157410174,5.41711821738053e-05,5.417118208884934e-05,5.417118230781075e-05,5.4171182120728824e-05,5.417118223082282e-05,5.417118223206335e-05,0.11394479488743045,5.417118185719647e-05,0.3882664298133531,5.417118231871954e-05,0.040506486726388125
86,3.491620190452228e-05,3.491620188283369e-05,3.491620184495769e-05,0.05833396400483958,3.4916201932251644e-05,0.5917880428289258,3.491620209080602e-05,3.491620174180068e-05,3.4916201855315065e-05,3.4916201883085914e-05,3.491620204266558e-05,3.491620186403739e-05,3.491620177059704e-05,0.056412774147228104,0.15290605396348134,3.491620195407832e-05,0.1400354220267885,3.4916201970967236e-05,3.491620201851296e-05,3.491620198049255e-05
87,2.0169423498656058e-05,0.03449730629037126,2.0169423589561525e-05,2.0169423645850435e-05,0.020126104545968998,2.016942367960433e-05,2.0169423656834382e-05,2.0169423728459366e-05,0.1465037334807579,0.07727561749939774,2.0169423528352254e-05,2.016942361662243e-05,2.016942359373355e-05,0.16192826218646691,0.05319718813769119,2.016942364890093e-05,0.38059172424233445,2.016942357567468e-05,0.12563803053370043,2.0169423548711186e-05
88,0.30073743686505067,0.02524035864857262,1.9230769657809684e-05,1.9230769685977182e-05,1.9230769810479275e-05,1.9230769673401633e-05,1.9230769743732933e-05,1.9230769635474303e-05,1.9230769669319496e-05,1.9230769709885598e-05,1.9230769702346995e-05,1.9230769626085864e-05,0.0610093859895523,1.9230769672549338e-05,1.923076958568972e-05,0.3505386410623478,0.09317903838289915,1.923076965609315e-05,0.10484256958178303,0.06420256946396559
89,1.9275250877657828e-05,1.9275250861498764e-05,1.9275250847416607e-05,1.9275250894223858e-05,1.9275250886160325e-05,1.9275250797900515e-05,1.9275250906952317e-05,1.927525093316063e-05,1.9275250933089402e-05,1.927525093673442e-05,1.927525083329485e-05,1.927525088436655e-05,1.9275250870178934e-05,1.9275250892406176e-05,0.9996337702332438,1.927525090569426e-05,1.9275250902825007e-05,1.9275250866420442e-05,1.9275250879590595e-05,1.9275250846580674e-05
