doc_id,T00,T01,T02,T03,T04,T05,T06,T07,T08,T09,T10,T11,T12,T13,T14,T15,T16,T17,T18,T19
0,3.536067892505555e-05,3.536067981752568e-05,3.5360679771112575e-05,0.0140802720517589,3.536067971678533e-05,3.536067977380895e-05,0.11081229019099494,3.536067975832913e-05,0.32290852981797097,3.536067975556127e-05,0.32958876110420704,3.5360679891087616e-05,3.536067994580517e-05,0.0978410732732079,3.536067979393867e-05,3.536067961124848e-05,3.536067976323082e-05,0.12427402404590558,3.536067957946736e-05,3.536067985155522e-05
1,1.6677785190135387e-05,1.6677785567098747e-05,1.6677785631721987e-05,1.66777854493597e-05,0.007649887501529908,1.667778563453784e-05,1.6677785675276428e-05,1.667778553526778e-05,1.6677785612211268e-05,1.6677785511335037e-05,1.6677785569540136e-05,0.8798565524962102,0.06120487266593229,1.6677785496499872e-05,1.667778570699552e-05,1.667778552533311e-05,0.03025911763559581,0.009698899977342192,1.6677785625985558e-05,0.011097180725658039
2,3.3003300330052056e-05,0.02007369449794621,3.300330092916838e-05,3.300330126668386e-05,0.05596703500569961,0.09111764819116179,3.300330107733491e-05,3.300330087986763e-05,3.300330119954405e-05,3.300330102986735e-05,3.3003301002014027e-05,0.43934668259675796,0.10299672238425332,3.3003300953547337e-05,3.300330117963565e-05,3.300330100923142e-05,0.20413926039819416,3.3003301109150074e-05,3.300330119955819e-05,0.08592991401282137
3,2.9342723004709455e-05,0.08226849859733423,2.9342723583494657e-05,2.9342723543653585e-05,2.934272370810204e-05,2.9342723697473474e-05,2.9342723463188e-05,2.9342723477214635e-05,2.9342723665462015e-05,2.934272367594064e-05,2.9342723745278184e-05,0.023174617067208997,2.9342723610633627e-05,2.9342723865616016e-05,0.8940580580328853,2.9342724342336706e-05,2.9342723986038158e-05,2.9342723780909587e-05,2.9342723744191278e-05,2.9342723677254936e-05
4,5.834305717623109e-05,0.381676493985622,5.8343058038313955e-05,0.09209817908321195,5.83430583852123e-05,5.834305840793561e-05,5.8343058729877326e-05,5.8343058495008005e-05,0.04878467154131704,5.8343058054256864e-05,5.834305818322528e-05,5.834305835529582e-05,5.8343058229829236e-05,5.8343058378203774e-05,5.834305811794019e-05,5.834305839900645e-05,5.8343058186233264e-05,0.08580445036392045,0.15320025071624996,0.2376191514945422
5,1.9817677368223778e-05,1.9817677873554872e-05,1.98176778112581e-05,1.981767794085141e-05,0.018382409298623743,1.981767778880892e-05,1.9817677784102928e-05,0.32273712855365355,1.9817677791908343e-05,1.9817677703487363e-05,1.9817677804504225e-05,1.981767783486386e-05,1.9817677718210158e-05,1.981767775579967e-05,1.9817677845877945e-05,1.9817677717728894e-05,0.01827680367817813,0.026201079354013116,0.5809433666221484,0.033181765004643766
6,3.958828186859312e-05,3.958828273150594e-05,3.9588282671242405e-05,3.9588282888046654e-05,3.958828274630425e-05,0.11285819523509738,0.046462751809018994,0.012588764358768255,0.06128697744658091,3.9588282678557775e-05,3.958828303205705e-05,3.9588282703489776e-05,0.023758220777279983,3.9588282784506614e-05,3.958828268398082e-05,0.3170722046626099,3.958828282507984e-05,0.3635904390561619,0.0619073872620905,3.958828277902251e-05
7,2.812148481441237e-05,0.008051320723216644,2.812148533966598e-05,2.8121485810122752e-05,0.9228745063239058,2.8121485285752464e-05,2.812148536729907e-05,2.812148532439699e-05,2.8121485474657268e-05,0.055951189635023976,2.8121485281400883e-05,0.010297900773537821,0.0024032602641339343,2.812148531953641e-05,2.812148521898129e-05,2.8121485507773562e-05,2.8121485295239233e-05,2.8121485202677783e-05,2.8121485381522766e-05,2.8121485558364513e-05
8,4.7080979284397365e-05,0.13531468092092938,4.708098024819794e-05,4.7080980074629184e-05,4.708098030302631e-05,0.030583478721376945,0.011466669308285084,4.7080980393089435e-05,0.718733186856197,4.708098072237072e-05,0.04520195272538429,0.022590692273570603,0.0224977117896918,4.708098094548336e-05,4.7080980603372465e-05,4.7080980255675015e-05,4.708098038493893e-05,4.7080980567163745e-05,0.013046655640338104,4.708098044408081e-05
9,3.79362670713432e-05,3.7936267920048896e-05,0.0826520760038623,3.7936267557271264e-05,3.7936267986178744e-05,3.7936267837021114e-05,0.04506640678270944,3.7936268140314854e-05,0.257107659995021,3.7936267858471044e-05,0.09540380510559174,3.79362678662973e-05,0.2541908360329517,3.7936268019409886e-05,3.79362680728121e-05,3.7936267854833295e-05,0.10046575634731095,3.793626808479645e-05,3.793626787165525e-05,0.16462028825041242
10,2.572016460906948e-05,2.572016506608211e-05,2.5720165127712723e-05,2.5720165009939165e-05,2.5720165244005885e-05,0.10570324283247369,2.5720165420063492e-05,0.43952179445597717,0.1430075427926722,2.5720165191490957e-05,2.5720165214933573e-05,2.5720165109803902e-05,0.0640101337606969,2.5720165347166722e-05,2.5720165215457646e-05,0.004113840815671771,2.5720165266484e-05,2.5720165446430615e-05,0.24328336302998557,2.572016525410566e-05
11,3.448275862071201e-05,0.8246226533578734,0.022151080824536994,0.02425321701550003,0.025814103916754882,3.448275928245736e-05,3.4482759527973006e-05,3.448275949307646e-05,3.448275966314205e-05,3.448275948597279e-05,3.44827596149346e-05,0.039037703720913475,3.4482759181926295e-05,3.448275943612119e-05,3.4482759559289556e-05,0.015466249584301222,3.448275969700435e-05,3.44827595869135e-05,3.448275959652525e-05,0.04820671570737391
12,1.6611295681072956e-05,1.6611296026648138e-05,1.6611296101191808e-05,0.03326599115230052,1.6611296056878615e-05,0.24518244481548024,1.6611296102928087e-05,0.13654536481042534,1.6611296090845917e-05,1.6611296052767138e-05,1.661129597891585e-05,1.661129600718662e-05,1.661129599237021e-05,1.6611296019208255e-05,1.661129603805713e-05,1.661129604742961e-05,1.661129608144161e-05,0.43223584033348006,0.09910623010209636,0.053431570641940505
13,2.156101768004252e-05,2.1561018072148645e-05,2.1561018071513316e-05,2.1561017974840958e-05,0.002614919332619234,2.1561018140289474e-05,2.1561018097107016e-05,2.156101795966827e-05,0.037257569492309975,2.1561018142619655e-05,0.9597609738681452,2.156101804260258e-05,2.1561018092093886e-05,2.1561018103305668e-05,2.1561017975792688e-05,2.1561018072582323e-05,2.156101830715891e-05,2.1561018097222572e-05,2.15610180933023e-05,2.1561018003466396e-05
14,1.1039964672121493e-05,1.1039964905556506e-05,1.1039964924630902e-05,1.103996496667538e-05,0.010594169531354496,1.1039964890392206e-05,1.1039965023191197e-05,1.1039964926941567e-05,0.015571948772964663,0.004120913326324533,1.1039965100552955e-05,1.1039964852412136e-05,1.103996498302961e-05,1.1039964960778534e-05,1.1039964901876382e-05,1.1039964855271755e-05,1.1039964886465783e-05,1.1039964862182575e-05,0.9695363289307181,1.1039964926131072e-05
15,2.8885037550565754e-05,0.06045598064933494,0.00883955056139193,2.888503836206262e-05,2.888503825806918e-05,0.06713051571088442,0.10816890721927813,2.8885038227921007e-05,0.056807619688740554,2.8885038186822484e-05,0.08024996484973015,2.888503810679921e-05,2.888503816952068e-05,2.888503830665007e-05,2.8885038085925854e-05,2.8885038321440018e-05,2.888503830862138e-05,0.5796715551087956,2.8885038282150774e-05,0.03832928575367751
16,6.729475100946753e-05,0.054816489916400035,6.729475341705517e-05,6.72947527353894e-05,6.729475261489728e-05,0.04685985772082816,6.729475234751825e-05,0.05453739586261558,0.0896057246686441,6.729475234799682e-05,6.729475282706932e-05,6.729475237332732e-05,0.030592867515704888,6.729475227728467e-05,6.729475233202415e-05,0.028080593130034165,6.729475271194343e-05,0.6655837179164822,6.729475286817794e-05,0.029115816239428792
17,2.6483050847471867e-05,2.6483051588108724e-05,2.6483051469188548e-05,2.648305142169057e-05,2.648305148505116e-05,2.648305144664145e-05,0.04206891597888868,0.06623440028419288,2.6483051352317334e-05,2.6483051304668762e-05,2.6483051486518784e-05,2.6483051361115424e-05,2.648305146375424e-05,2.6483051386127596e-05,2.64830512837608e-05,0.036121283782689875,2.6483051408517204e-05,0.07022326410141884,2.648305151005685e-05,0.7849548900819947
18,3.484320557493698e-05,0.13830982338550632,3.4843206392276315e-05,3.4843206135708876e-05,0.17619770807214688,3.4843206478604666e-05,0.06364532721487594,3.484320633761254e-05,0.01982284139407381,0.2191874509578763,0.011223928574100909,0.1899304198955876,3.4843206462546256e-05,0.1084991956615033,3.48432062879335e-05,3.484320624752448e-05,3.484320624986006e-05,0.021138719078384677,0.011692696603660466,0.04003830030611683
19,3.306878306880123e-05,3.306878373322089e-05,3.306878368075844e-05,3.30687836751643e-05,0.01760954515395806,0.05018143664007604,0.024848493461873247,3.306878373146122e-05,0.1311527483810726,0.7094511919976205,3.306878385896739e-05,3.306878379909304e-05,3.3068783695930744e-05,3.306878385481347e-05,3.3068783786253574e-05,0.04725535462274423,3.306878375526875e-05,0.019071335554267,3.306878393985209e-05,3.306878380899518e-05
20,2.974419988104181e-05,0.2757388703408183,2.9744200553911987e-05,2.9744200358132935e-05,2.9744200598168205e-05,2.9744200465013545e-05,2.9744200373544016e-05,2.9744200375846363e-05,2.9744200562135698e-05,0.05813440682745683,2.9744200406204417e-05,0.5261967656997713,2.974420034047119e-05,2.974420038784448e-05,0.00792507986368911,2.9744200476270572e-05,2.9744200751037818e-05,2.9744200517233523e-05,0.02013557224803433,0.11145288621418332
21,1.5683814303644475e-05,1.568381461923924e-05,1.5683814556812485e-05,1.56838146477921e-05,1.568381461216113e-05,1.5683814638724756e-05,1.5683814637594692e-05,1.5683814574852634e-05,1.5683814606999184e-05,1.5683822578715326e-05,1.5683814679442294e-05,0.9997020075148472,1.5683814538332595e-05,1.5683814624223728e-05,1.5683814566268592e-05,1.5683814605666713e-05,1.5683814599968272e-05,1.568381457643036e-05,1.5683814585454335e-05,1.5683814600575832e-05
22,1.9282684149646002e-05,0.017440995129562393,1.928268456928557e-05,1.9282684587853453e-05,1.9282684653720866e-05,1.928268455128432e-05,1.928268448375303e-05,1.9282684597638025e-05,0.3359218527671732,0.018024876901522983,1.9282684468926385e-05,0.351225103004261,1.9282684511976384e-05,1.9282684515243166e-05,0.00965702349966167,1.928268456813565e-05,1.928268464303807e-05,0.003352953354180494,1.9282684525146923e-05,0.26412652044481266
23,1.8288222384793013e-05,1.8288222650977708e-05,1.8288222679493732e-05,0.030775113121316304,1.8288222804192754e-05,1.8288222850157847e-05,1.8288222853740905e-05,0.11619924000967168,0.19761950719782367,1.828822279250036e-05,1.828822265717269e-05,1.8288222629479598e-05,1.8288222747082892e-05,1.8288222778924497e-05,1.828822274537255e-05,1.8288222781809607e-05,0.5978118075046763,0.026680685763955835,0.030657611284476863,1.8288222723662137e-05
24,3.130870381968305e-05,3.130870437980437e-05,3.1308704469881815e-05,3.130870465954709e-05,3.1308704587103443e-05,0.3732817918135413,0.199341368601117,3.1308704522522474e-05,0.14569165362207692,3.13087048111684e-05,0.025530532557130562,3.130870452837864e-05,0.014966737697787348,3.130870468131075e-05,3.1308704556255906e-05,0.13618326622029375,3.130870447165763e-05,3.130870446369268e-05,3.130870440112084e-05,0.10459763632970082
25,3.22997416020874e-05,3.229974231880425e-05,3.229974220140394e-05,3.22997421456041e-05,3.229974238153578e-05,3.2299742481774946e-05,0.06399348197375536,3.229974213769312e-05,3.22997422083585e-05,0.6753671884566912,0.04982831759314291,3.229974252618084e-05,3.229974234703638e-05,3.229974290973559e-05,3.2299742346867066e-05,3.229974225043901e-05,0.1099649769294572,3.229974232628148e-05,3.229974219836307e-05,0.10036153891257085
26,2.2232103156972815e-05,0.04185385705839807,2.2232103533433014e-05,2.223210384632306e-05,2.2232103689147065e-05,2.2232103490594827e-05,2.2232103811376026e-05,2.223210371451648e-05,0.19698786932572382,0.011141943732524237,0.013467356161875341,0.010738093813594408,2.2232103556317377e-05,2.2232103622670455e-05,2.2232103742470082e-05,2.2232103543853762e-05,0.6893288389269417,2.2232103683691363e-05,0.03619302363398765,2.2232103563158053e-05
27,3.501400560225794e-05,0.17201132524724352,3.501400645059116e-05,0.03205655801380377,3.501400655127529e-05,3.501400627901815e-05,3.501400672247523e-05,3.5014006332123614e-05,0.3083761538689123,3.5014006395420056e-05,3.501400639385281e-05,3.501400652886849e-05,3.501400652381914e-05,3.501400629707271e-05,3.5014006411206744e-05,0.48699573876762997,3.501400644488399e-05,3.501400646944162e-05,3.501400662726325e-05,3.50140063808033e-05
28,2.3430178069368916e-05,0.026111412879404966,2.3430178709678262e-05,2.3430178614951904e-05,2.343017863593158e-05,2.3430178640701435e-05,2.343017865831994e-05,0.01360737706708672,0.09737518925046981,2.343017854271292e-05,2.3430178650096694e-05,2.3430178576323726e-05,0.11209291952572799,2.3430178585197287e-05,0.01124805781251014,2.343017868583731e-05,2.3430178534981637e-05,0.4746669719694985,0.15962075590812214,0.10499615344427574
29,2.1929824561409897e-05,2.1929824973792838e-05,0.9995833333265783,2.1929825040862184e-05,2.192982493099234e-05,2.1929824938777864e-05,2.1929824869903935e-05,2.1929824967382733e-05,2.1929824966132817e-05,2.1929824914432105e-05,2.192982495814587e-05,2.1929824922179644e-05,2.1929824872106946e-05,2.192982489660566e-05,2.192982496035967e-05,2.192982488650903e-05,2.1929824892174928e-05,2.1929824926609464e-05,2.1929824965251625e-05,2.1929824978002042e-05
30,1.87899285982761e-05,1.87899289053142e-05,1.8789928860427433e-05,0.999642991351545,1.8789928889089777e-05,1.8789928942239282e-05,1.87899288900059e-05,1.8789928899515547e-05,1.878992890892695e-05,1.8789928889765706e-05,1.8789928837183138e-05,1.8789928831211406e-05,1.8789928842651775e-05,1.8789928846688982e-05,1.8789928841260686e-05,1.8789928932598075e-05,1.878992886214009e-05,1.8789928867950573e-05,1.878992889536688e-05,1.878992891423283e-05
31,3.373819163294908e-05,0.12172728634519239,3.3738192434288876e-05,3.3738192376364263e-05,0.037313906109857305,0.10958936524095522,0.029809471470519405,3.373819251555685e-05,3.373819249726178e-05,0.0185624602541976,3.373819233306919e-05,3.373819235196719e-05,3.373819238936149e-05,3.3738192342828786e-05,0.13372798785596904,0.04872699673611474,0.03777274000795594,0.04920854290696882,0.08124155425747723,0.3320160450839186
32,2.8985507246397874e-05,0.01891261472769817,2.8985507933655034e-05,2.8985507881026597e-05,0.12025604696059775,0.5799670675020641,2.8985507986612743e-05,2.898550784743878e-05,0.07389438416905961,2.8985508013838012e-05,2.8985507979074956e-05,2.8985508060807375e-05,0.05882003586489723,2.8985508011442196e-05,2.89855078744191e-05,0.04876235508739454,2.8985507965358552e-05,2.898550799933244e-05,0.024527322208489005,0.07451234738500039
33,2.8636884307006695e-05,2.8636884954786014e-05,0.32216445760074447,2.8636884962676485e-05,2.8636884943507594e-05,0.19917408903022846,0.05275765697849766,2.8636884954750777e-05,0.06901709875471247,0.03234894931867617,2.8636884804853054e-05,2.863688491427636e-05,2.86368849749968e-05,2.8636884939756532e-05,2.8636884900656482e-05,2.8636884980611805e-05,2.863688484970751e-05,2.8636885063865426e-05,2.863688510293519e-05,0.32413683192848636
34,1.933488012375134e-05,1.9334880562188407e-05,0.047375414232124984,0.05066071553878599,1.9334880559171723e-05,1.933488061037447e-05,0.11043645226320183,1.9334880514684682e-05,1.9334880542029507e-05,1.9334880561938116e-05,1.9334880481990707e-05,1.9334880604458427e-05,1.93348805791836e-05,1.9334880552086045e-05,0.7912180598774168,1.9334880599780187e-05,1.933488053182478e-05,1.9334880604548023e-05,1.9334880449456206e-05,1.9334880593085597e-05
35,3.095975232199349e-05,3.095975290570081e-05,3.09597528689935e-05,3.095975291073846e-05,3.095975310485271e-05,3.095975296221312e-05,0.942082697285922,3.0959753115457536e-05,3.095975288248906e-05,3.0959753023965895e-05,3.09597530797859e-05,3.0959752790564415e-05,3.095975297761179e-05,3.095975277412906e-05,3.0959752926734814e-05,3.095975293149174e-05,3.0959753019210104e-05,0.05736002716136278,3.095975295663709e-05,3.095975316274071e-05
36,2.6301946344045473e-05,2.6301946858646012e-05,2.6301947006496416e-05,2.6301946885872263e-05,0.09948069756455073,2.6301946913498476e-05,0.19240005720922698,2.6301946859395575e-05,0.1596343553155302,2.630194695021064e-05,0.263547261219019,2.630194706726331e-05,0.06236320603087566,0.06420757686375098,2.6301946979559538e-05,2.6301946927874428e-05,0.03770818733802782,0.03847869589544717,2.6301946902366986e-05,0.08189064114787639
37,3.906250000002266e-05,0.010391507580461774,3.9062501021618175e-05,3.906250098089829e-05,0.01908920448423111,3.906250095036436e-05,0.11344645834170372,3.906250086311398e-05,0.2955464336475463,3.906250075855411e-05,0.42259856751891667,3.9062500882831596e-05,3.906250110756439e-05,3.906250089816838e-05,3.906250088368336e-05,0.024516733453555463,0.027737074830355524,3.906250118201703e-05,3.906250075527632e-05,0.08620527013294531
38,4.444444444447313e-05,0.01061640939374672,4.444444564751507e-05,4.4444445492445786e-05,0.01540471191284868,4.444444546072942e-05,4.444444558858868e-05,4.444444548732092e-05,0.108449867807586,4.444444564099077e-05,4.444444577321543e-05,0.1881515318598029,0.052287464839563924,4.4444445545708194e-05,4.444444553741874e-05,0.02040679601544859,0.1368278585721335,0.010862044136353638,0.057255639526878344,0.3992932314810193
39,2.6260504201690045e-05,0.9995010504109293,2.6260504794729315e-05,2.6260504633270747e-05,2.6260504762446297e-05,2.6260504690964943e-05,2.6260504603987744e-05,2.6260504755432102e-05,2.6260504664592192e-05,2.6260504651192734e-05,2.6260504577056006e-05,2.6260504823081276e-05,2.626050460650995e-05,2.626050465459881e-05,2.6260504827995663e-05,2.626050468840809e-05,2.6260504768282534e-05,2.6260504675076292e-05,2.6260504747507607e-05,2.6260504943797606e-05
40,2.1853146853159687e-05,2.185314734478881e-05,2.185314734334026e-05,0.0265754771854859,2.1853147394073196e-05,2.1853147349758733e-05,0.04639084795747699,2.185314741910999e-05,0.35826278656802646,2.185314731010493e-05,0.31823366234382877,2.1853147290125018e-05,2.185314740017364e-05,0.020554289781967112,2.1853147293819268e-05,2.185314739885767e-05,0.019790366367298026,0.20990847888086506,2.185314724086989e-05,2.1853147413596736e-05
41,3.02663438256837e-05,0.23197635804533703,0.27516460393266023,0.009257241403019884,0.03189998631638488,3.026634450101023e-05,3.0266344544570928e-05,3.0266344534784476e-05,3.0266344392393826e-05,3.026634460842512e-05,3.0266344383160794e-05,0.11551758627539652,3.0266344362755052e-05,3.0266344417549413e-05,3.0266344625895097e-05,0.12490685022952573,3.0266344509994955e-05,3.0266344488518625e-05,3.0266344624846656e-05,0.21088391131985607
42,4.821600771459044e-05,0.03275314917690586,4.821600886421954e-05,4.821600860972097e-05,4.8216008689637294e-05,4.8216008968446015e-05,4.821600876719741e-05,4.821600856439749e-05,0.3656927645932514,4.821600872856539e-05,0.11887048819779446,0.0459224754685644,0.10979920378944624,4.8216008800701e-05,4.821600882815253e-05,4.8216008870281876e-05,0.22560185376793934,4.8216008817562464e-05,0.05378618358055573,0.046995289321319016
43,5.144032921812347e-05,5.144033007235317e-05,5.144033014169179e-05,5.144033004256224e-05,5.1440330305124014e-05,5.144033010892754e-05,5.144032987637063e-05,5.1440330358851707e-05,5.1440330225979396e-05,5.144033001582826e-05,5.1440330199318424e-05,5.144033033651764e-05,0.9990226337239251,5.144033005609199e-05,5.1440330144899614e-05,5.144033000565238e-05,5.144033006265522e-05,5.1440334469538554e-05,5.144033007502672e-05,5.1440330359503156e-05
44,2.992220227410724e-05,0.05334037602894905,0.030545257544171395,2.992220311652977e-05,2.992220312125968e-05,2.9922203060103518e-05,0.43028757989379796,2.992220290619065e-05,0.40745389628904943,2.9922202773543232e-05,2.992220307725477e-05,2.992220306284362e-05,2.9922202880958912e-05,2.9922203105797693e-05,2.992220288332218e-05,2.9922202831014004e-05,2.992220291815156e-05,0.05072681065609494,0.027227168746881716,2.9922203044503393e-05
45,2.4224806201563838e-05,2.4224806740398643e-05,2.4224806822317144e-05,2.4224806672385367e-05,0.011958100003536995,2.4224806753321744e-05,2.4224806729079515e-05,0.02957357512429544,0.4119005164632064,2.4224806833459026e-05,0.390431930215755,2.4224806769156e-05,2.4224806750984028e-05,0.0785561763685538,2.422480669626422e-05,2.422480676385061e-05,2.4224806870996724e-05,0.009070451968573945,2.4224806634087386e-05,0.06819432736884055
46,1.5365703749237622e-05,1.536570406677913e-05,1.5365704032356417e-05,1.536570414917764e-05,1.5365704046639815e-05,1.5365704069114983e-05,0.9997080516210574,1.5365705375181563e-05,1.536570407207243e-05,1.536570402590152e-05,1.5365704046740815e-05,1.5365704020828257e-05,1.5365703974843838e-05,1.536570404588713e-05,1.53657040343992e-05,1.5365705034844596e-05,1.5365704039261056e-05,1.5365704067615942e-05,1.5365704050068905e-05,1.536570404177611e-05
47,4.0322580645181456e-05,4.0322581551910955e-05,4.032258124282658e-05,4.0322581627079606e-05,4.0322581516834304e-05,4.0322581381645264e-05,4.03225813113171e-05,0.02910289173284209,4.0322581369886935e-05,4.0322581450189155e-05,4.032258130477895e-05,4.032258135647225e-05,4.032258125416662e-05,4.0322581547831996e-05,4.032258127098279e-05,0.3090453293685775,0.5953120852063554,4.032258134210042e-05,4.0322581620072685e-05,0.06589453239043185
48,1.522070015221758e-05,0.011809617261532382,1.5220700484873492e-05,1.5220700362710013e-05,1.522070048108266e-05,1.5220700443668998e-05,1.522070045745678e-05,1.522070048232688e-05,0.16407447398895056,1.5220700481902114e-05,1.5220700544116913e-05,0.009433480033096835,1.5220700449549401e-05,0.2682350774970512,0.037418472913305856,1.5220700535292759e-05,0.04603446649106523,1.5220700533927318e-05,0.4574785820617261,0.005333181347862671
49,4.166666666668981e-05,4.1666667669369374e-05,4.1666667641144454e-05,4.166666737472634e-05,4.1666667565900586e-05,0.10599046216865295,4.166666768731282e-05,4.1666667460711806e-05,0.3548488773113538,4.1666667682703285e-05,4.1666667613943915e-05,0.011953213602020906,0.2462802304292129,4.166666749642212e-05,4.166666799318349e-05,0.021742155633601122,0.05416200165627216,0.08446496845101385,4.166666774707903e-05,0.12005809073727323
50,1.6260162601634665e-05,0.023393887552730246,1.6260162974937928e-05,1.6260162977788414e-05,1.6260162968221065e-05,1.6260162960564175e-05,1.6260162899242035e-05,1.6260163015849056e-05,1.6260162889527967e-05,1.626016290156765e-05,1.626016287956101e-05,0.04101601511090886,0.02355505015640999,1.6260162920065924e-05,1.626016298555267e-05,1.626016292628324e-05,1.626016299001514e-05,1.626016297284884e-05,0.792722893079915,0.11906825165617238
51,2.254283137962935e-05,2.254283176303964e-05,2.2542831692129627e-05,2.254283183619501e-05,2.2542831751935506e-05,2.2542831896119078e-05,2.2542831838663088e-05,2.2542831786273358e-05,2.2542831789711397e-05,2.2542832227518485e-05,2.2542831899225778e-05,2.2542831673985904e-05,2.2542831838574112e-05,2.2542831752541786e-05,2.2542831776654815e-05,2.254283179519787e-05,2.2542831791107338e-05,2.25428318652163e-05,2.254283186135061e-05,0.999571686195785
52,2.757859900718011e-05,2.757859947033436e-05,2.7578599459221285e-05,2.7578599527068065e-05,2.7578599600956054e-05,2.7578599583255796e-05,2.757859956195683e-05,2.7578599543166164e-05,2.7578599457799998e-05,2.7578599531610882e-05,2.7578599548291384e-05,2.75785994538846e-05,2.7578599567608502e-05,2.757859939773791e-05,2.7578599392949194e-05,0.9994760066095012,2.7578599474393133e-05,2.7578599632429565e-05,2.7578599588689837e-05,2.757859970009578e-05
53,6.0532687651367905e-05,0.6563920783230448,6.053268871694415e-05,6.05326885740744e-05,6.0532689021904286e-05,6.053268895579541e-05,6.053268881678933e-05,6.0532688615339056e-05,0.09523101506027788,6.053268887090772e-05,6.053268918894197e-05,6.053268900321701e-05,6.0532688880766554e-05,0.026087845710685446,0.04610790181484393,6.05326886911881e-05,0.060172209971773645,6.053268844800363e-05,0.11516149147707766,6.053268886134621e-05
54,3.4650034650056474e-05,0.11932415040407879,0.045255401969498024,0.35531243091766385,3.465003537569361e-05,3.4650035537248696e-05,0.017933395212167948,3.465003556175749e-05,0.017422753349046898,3.465003540082284e-05,3.465003547194742e-05,0.04851024935169712,3.4650035403366845e-05,3.4650035368106795e-05,3.465003555082835e-05,3.4650035594934717e-05,0.05112046435589444,3.465003559297496e-05,0.18228251889701513,0.16245748515343003
55,2.4260067928205515e-05,0.21127515133561783,2.4260068473817645e-05,2.4260068342518264e-05,2.4260068537488403e-05,2.4260068537985998e-05,0.05713140240425896,2.426006852154058e-05,2.4260068420565012e-05,0.06952865849838372,0.03210218651659445,0.3522626366058227,2.4260068448938125e-05,0.037592050938592615,2.426006844519992e-05,2.426006841777793e-05,2.426006849176602e-05,0.026012678579364453,2.4260068554133502e-05,0.21380411430024504
56,2.5125628140720167e-05,0.07852591454693121,0.011586328313599202,0.03132089771158063,0.03075151313716696,2.5125628670210458e-05,2.5125628706447693e-05,0.3738225518352536,0.005286506506131509,2.5125628652447215e-05,2.5125628637439556e-05,2.5125628645140427e-05,2.512562863047352e-05,0.012587080264917592,2.5125628716618817e-05,0.07142794560271076,0.14569641937132216,0.05110468679481509,0.18766402525801026,2.512562876153464e-05
57,2.863688430700346e-05,0.30782510803784896,2.863688497265618e-05,2.863688468417793e-05,2.863688479774876e-05,2.8636885013102084e-05,0.048584963137853855,2.8636884818443474e-05,0.09207659404888038,2.863688499041292e-05,2.863688505680101e-05,2.8636884944201257e-05,0.08544083207358878,2.8636884828346773e-05,0.07684646927518032,2.8636885045735218e-05,0.03677241577018218,2.863688496849089e-05,0.25282426886408094,0.0992857061739575
58,2.4236548715475048e-05,2.4236549276494232e-05,2.4236549261909426e-05,2.4236549060464483e-05,2.4236549346853742e-05,2.4236549253188348e-05,2.4236549327792123e-05,2.423654925525015e-05,2.423654932987676e-05,0.8901257138741995,0.04195902049928056,0.06750324428952842,2.4236549336241626e-05,2.4236549257353825e-05,2.4236549286006446e-05,2.4236549250368673e-05,2.4236549311162383e-05,2.423654920532906e-05,2.423654922204256e-05,2.4236549295686213e-05
59,3.0138637733594525e-05,0.043730892121975076,3.01386384045114e-05,3.013863839057436e-05,0.05591343231143619,3.0138638510990485e-05,0.053104457249199384,3.0138638585579518e-05,0.03714381643097004,0.0252754692268713,0.0191961761724225,3.0138638301836966e-05,0.7206318659231645,0.02336743307749251,3.0138638463914047e-05,3.0138638489771994e-05,3.013863834123288e-05,3.0138638347978276e-05,0.008720075289562703,0.012614995813335658
60,2.585315408481296e-05,0.06764518573305249,0.0628657565181852,2.585315474698199e-05,2.585315463573065e-05,2.5853154785200622e-05,2.5853154861605606e-05,2.5853154677829245e-05,0.38375148727622,2.5853154745560893e-05,2.585315474043054e-05,0.11144355197689462,2.5853154540555633e-05,2.5853154781461307e-05,2.5853154687109934e-05,0.28726737478482123,0.02288566924732594,2.5853154748628694e-05,2.585315464462256e-05,0.06380488345282001
61,2.1533161068060492e-05,2.1533161606676976e-05,0.13083872489918247,2.1533161503667497e-05,0.1447184711376301,2.1533161589915377e-05,2.153316161154611e-05,2.153316150435849e-05,0.07165495595491876,2.1533161693424724e-05,0.07304793562564145,0.04798701930909417,0.16232838541769015,2.1533161601717185e-05,0.239862929663752,2.1533161566300867e-05,0.07786092952168217,2.1533161623799937e-05,0.03116494595444568,0.020320370900593656
62,1.5394088669955396e-05,1.5394088933188872e-05,1.5394088915153166e-05,1.5394088874151218e-05,1.539408896281076e-05,1.5394088937103232e-05,1.539408898405778e-05,1.539408889787588e-05,1.539408894242851e-05,1.5394088907554728e-05,1.5394088940898092e-05,1.5394088880293745e-05,1.539408889074529e-05,0.9997075123108138,1.539408889138501e-05,1.539408891657866e-05,1.539408891818068e-05,1.5394088935647013e-05,1.5394088867585456e-05,1.539408892061504e-05
63,6.934812760059184e-05,6.934812945753948e-05,0.028345360184338017,6.934812949923734e-05,0.09516764335372156,6.934812896902838e-05,6.934812946353724e-05,6.934812918384476e-05,0.19996826580094917,0.23274312715207993,0.3870453811763356,6.934812947195467e-05,6.934812904911719e-05,0.05575934852496923,6.934812864810638e-05,6.934812901454406e-05,6.934812946008867e-05,6.934812952530476e-05,6.934812897757762e-05,6.93481292860812e-05
64,1.6458196181708632e-05,1.645819665104819e-05,1.645819654664206e-05,1.6458196573932222e-05,1.6458196637585257e-05,0.058865375884032574,0.09634034361159825,1.645819663387281e-05,0.5780761552202567,0.005884101761875202,0.08053143971777338,1.6458196624574208e-05,1.6458196597902482e-05,0.015467444735993294,0.010346313919925569,1.6458196602496883e-05,1.6458196623248137e-05,0.06531652013184433,0.08899126485444601,1.6458196581831184e-05
65,3.9093041438649095e-05,3.9093042245814126e-05,3.9093042205327476e-05,3.90930423928918e-05,3.9093042353904956e-05,3.909304247849519e-05,0.04283661747694937,0.02941261470957029,0.45203022464872883,3.9093042429328815e-05,0.07955084470978922,3.909304224575148e-05,3.9093042212001676e-05,3.909304216490771e-05,3.909304243970951e-05,0.2887485300098106,3.909304212515225e-05,0.034142409743024765,0.059243862906244844,0.013565779289149987
66,4.088307440722209e-05,0.2107897913398608,4.0883075260921974e-05,4.0883075090312286e-05,0.039535681639883406,4.0883075220699876e-05,4.088307523158302e-05,4.088307525467486e-05,4.0883075315800466e-05,0.13666272144687522,4.0883075083370214e-05,0.4784437868443727,4.088307520554776e-05,4.088307543341653e-05,4.0883075356714326e-05,4.088307511741833e-05,4.0883075240330996e-05,0.06462190973680863,4.0883075255855605e-05,0.06937374593972533
67,2.2634676324140894e-05,0.033744172429121574,2.263467682209707e-05,2.2634676811618923e-05,2.2634676835521783e-05,2.263467680711075e-05,2.2634676919186967e-05,2.2634676871167023e-05,0.7989400432464682,2.2634676788866002e-05,0.15895063348154087,2.2634676850713515e-05,2.2634676813545537e-05,2.2634676831561057e-05,2.263467682165536e-05,2.263467682992079e-05,2.263467688650995e-05,0.00800299601398153,2.263467688296166e-05,2.2634676791400826e-05
68,2.185314685315245e-05,2.1853147084219545e-05,2.185314713063469e-05,2.1853147144485814e-05,2.185314725976318e-05,2.1853147225077106e-05,2.185315344733308e-05,2.1853147180985334e-05,2.185314722201801e-05,2.1853147145109135e-05,2.1853147271685294e-05,2.185314717159306e-05,2.1853147201463745e-05,2.1853147211170807e-05,2.185314714400279e-05,2.185314720390719e-05,2.1853147193962764e-05,0.9995847901975181,2.1853147153113217e-05,2.1853147238150497e-05
69,4.3140638481469914e-05,4.314063933719287e-05,0.49628307510798075,4.3140639188762375e-05,0.04636593789597987,4.314063952102534e-05,0.2886757871171346,4.314063954427925e-05,4.314063933726588e-05,4.31406392812524e-05,0.0699085953254132,4.314063914291553e-05,4.314063932356942e-05,4.314063944895791e-05,4.314063938637255e-05,4.31406395064501e-05,4.314063935559098e-05,0.09811949496380444,4.3140639262048296e-05,4.3140639570044566e-05
70,5.701254275943789e-05,5.701254412924247e-05,5.701254408386e-05,5.701254353171156e-05,5.7012544045609096e-05,5.7012544187581007e-05,0.09492259486458783,5.7012544068097346e-05,0.054473083626935086,5.701254414426273e-05,0.15493827738471294,5.701254379803221e-05,5.701254414284467e-05,0.07168466319604853,5.701254372128096e-05,5.7012544139174246e-05,0.43471850176282667,5.701254413365823e-05,0.07371669491828664,0.11480502117571756
71,2.2552999548952542e-05,2.2552999902658522e-05,2.2553000014208665e-05,2.255299980488114e-05,0.7242017198465963,2.2553000011939718e-05,0.06334441991470578,2.2553000062464684e-05,0.09880107561520544,2.2553000199393662e-05,0.03066171743004492,0.002515351168604303,2.2553000100485727e-05,0.06811943919167521,2.255299996854632e-05,2.2552999878854247e-05,2.255300001771432e-05,0.01206308783362107,2.2553000021788048e-05,2.2553000014988355e-05
72,2.1213406873154965e-05,2.1213407320071957e-05,2.121340752939469e-05,2.1213407247766768e-05,2.121340725544042e-05,2.1213407309577012e-05,2.1213407226697674e-05,2.121340754383471e-05,2.1213407378231245e-05,0.9978854082280005,2.121340718376154e-05,2.1213407296866073e-05,2.1213407222581785e-05,2.1213407265201467e-05,2.1213407234877193e-05,2.1213407973435947e-05,2.1213407275811856e-05,0.0017327504399988001,2.121340756357384e-05,2.1213407300474792e-05
73,5.235602094243899e-05,5.2356022185372766e-05,5.23560218352991e-05,5.2356022077051936e-05,5.235602249049216e-05,0.1620838813929042,0.39133357047646666,5.2356021897577527e-05,0.21628049093607887,5.235602210965787e-05,0.022632224417471786,5.2356021800605976e-05,5.235602223616376e-05,0.07480728675357284,5.235602186640539e-05,0.05420126040920025,5.235602201479189e-05,5.235602207703548e-05,0.07798065732882788,5.235602194464082e-05
74,4.436557231591277e-05,4.4365573144440226e-05,4.436557319552584e-05,4.436557304588262e-05,0.03255893061910155,0.15016320815809436,0.34476009965926396,4.4365573401091466e-05,0.025406044649322664,0.16428755901485456,0.03146618234385669,4.436557344451816e-05,4.4365573451270796e-05,0.17749435515949621,4.436557304067915e-05,4.436557321102814e-05,4.436557340262412e-05,4.436557350260924e-05,0.07333123351727892,4.436557357511179e-05
75,2.6525198939006606e-05,2.6525199579434496e-05,2.6525199489084696e-05,2.652519951588888e-05,0.6949212596131514,2.65251995796277e-05,2.6525199549876332e-05,2.6525199561850166e-05,0.0032177313970441945,0.025518166994374154,0.0036129526992920566,2.6525199448126425e-05,2.652519959719881e-05,2.6525199524146456e-05,2.6525199526798527e-05,2.6525199613507812e-05,2.652519960655612e-05,0.052190554665542246,0.06408450873122765,0.1561099983058374
76,8.996041741638183e-06,8.99604192037511e-06,8.996041899219528e-06,0.04502947071511008,8.996041967243789e-06,8.996041960551651e-06,8.996041949886305e-06,8.996041922049006e-06,8.996041922157238e-06,8.996041939411235e-06,8.996041961256096e-06,8.996041950587735e-06,8.996041931368112e-06,8.996041919001043e-06,8.996041920492583e-06,8.996041981900036e-06,8.996041951065834e-06,8.996041958821134e-06,0.9548086005301158,8.996041977041436e-06
77,2.039151712888706e-05,0.05495822617323488,0.10042824179568274,0.01590624121684724,0.13699966318827295,2.0391517645371644e-05,2.039151756102311e-05,2.039151763312731e-05,0.46481651325044687,2.039151757297378e-05,2.0391517630957356e-05,0.054982873552431095,2.0391517522168845e-05,2.0391517635804414e-05,2.0391517623802794e-05,0.04542104302622738,0.07802227622320293,2.039151764934819e-05,2.0391517665658026e-05,0.04824061488038498
78,2.5087807325650266e-05,0.14903716459146232,2.5087807831585895e-05,2.508780800544859e-05,2.5087807895812694e-05,2.5087807757600423e-05,2.508780783852842e-05,2.508780783770725e-05,2.5087807783201706e-05,2.5087807826177068e-05,2.5087807760167448e-05,0.0884216872733415,2.5087807808065433e-05,2.5087807802701038e-05,2.5087807978484613e-05,0.029810462165444095,2.5087807814490944e-05,2.5087807791282936e-05,2.5087807834198423e-05,0.732329281044861
79,1.7349063150600122e-05,1.7349063607664335e-05,1.734906367891684e-05,0.5801028896853734,1.734906349695262e-05,1.7349063561005708e-05,0.034403574440720175,0.04793055559054067,1.734906349617806e-05,1.7349063472464985e-05,1.734906348137417e-05,1.73490634956052e-05,1.7349063460322544e-05,1.7349063533528078e-05,1.7349063472567276e-05,1.7349063550818053e-05,1.7349063471423812e-05,0.10001571896197543,0.2372870253688534,1.734906360752559e-05
80,2.0008003201292437e-05,0.7395535274412446,2.0008003708453994e-05,0.023217204829884583,0.013966336504788374,0.013640903641815897,2.000800365404845e-05,2.0008003710237723e-05,0.02753008131565845,2.000800362497938e-05,0.06719653330897501,2.000800362933156e-05,2.000800359122006e-05,2.00080036937199e-05,2.0008003692071702e-05,0.06391317661590647,0.023320130925887583,2.0008003753335837e-05,0.02744201737587021,2.0008003710242222e-05
81,1.8443378827013137e-05,0.4361323875328044,1.8443379254795123e-05,0.02274217222069885,1.8443379200136897e-05,0.013841421038324317,0.025312648254491796,1.8443379358685832e-05,0.4044933189038638,1.8443379216888044e-05,1.844337918828192e-05,1.84433792788275e-05,1.8443379300880187e-05,0.015533998830331278,0.045120713701862374,1.8443379277047746e-05,1.8443379220299222e-05,1.8443379227228246e-05,0.03660201896705865,1.844337921419371e-05
82,9.402030838666706e-06,9.402031048442887e-06,9.40203103406252e-06,9.402030976531808e-06,9.402031084923356e-06,9.40203106027142e-06,9.402031024267788e-06,9.402031009030585e-06,0.7709929317755637,0.006055559844127179,9.402031090077316e-06,0.06583929397645884,9.402031020261574e-06,9.402031051289406e-06,9.402031039848635e-06,9.402031031633717e-06,9.402031081147873e-06,9.40203109704093e-06,0.15464481063117771,0.002326373307184906
83,3.0978934324677604e-05,3.097893514604832e-05,3.097893497512282e-05,3.097893485652712e-05,3.097893512681383e-05,3.097893489813809e-05,3.0978935010431344e-05,3.097893503366374e-05,0.20340077147678712,3.097893508837231e-05,3.097893490065591e-05,0.25266787349212416,3.097893518668595e-05,3.0978935026018235e-05,3.097893511836223e-05,3.097893489533355e-05,0.04095958673015694,3.0978935040597305e-05,3.097893508879232e-05,0.5024761053412156
84,3.180661577610105e-05,0.031019053958893945,0.021421011029321698,3.180661656099029e-05,3.180661647541079e-05,3.180661656168052e-05,0.11117463171776454,3.1806616371457644e-05,0.027233131311826617,0.04013850492322481,3.180661663057095e-05,3.180661663397847e-05,0.7028619839680077,3.180661663395382e-05,0.005254420751011186,0.038956745130855286,0.02159064442787911,3.180661639832967e-05,3.1806616575622325e-05,3.1806616596900274e-05
85,5.417118093177751e-05,0.05034179969934774,5.417118220512026e-05,5.4171181886096794e-05,0.07880895436653426,5.417118213383311e-05,5.4171182342894256e-05,5.4171182134181116e-05,5.4171182148018396e-05,0.6779696753984945,5.417118234137338e-05,0.1657563567170694,5.417118230479936e-05,5.4171182195351966e-05,5.417118251795022e-05,5.417118222618292e-05,5.417118209582846e-05,0.026310646086879223,5.4171181937755145e-05,5.41711822737135e-05
86,3.4916201117338884e-05,3.4916201976981244e-05,3.491620201244964e-05,0.07743708380934794,0.4466311255897865,0.18091148694012094,3.491620205601883e-05,0.06361328652728275,0.03577995318436367,3.49162019077621e-05,3.4916201850699386e-05,0.09946011580882176,3.491620191181191e-05,3.491620195796829e-05,0.03263785498076751,3.491620184983211e-05,3.4916202031713844e-05,3.491620195817522e-05,3.491620203674866e-05,0.06311009873684117
87,2.0169423154503804e-05,2.01694234534702e-05,2.016942349071012e-05,2.016942365066679e-05,2.01694234827053e-05,0.9996167809537063,2.016942349400645e-05,2.01694234975517e-05,2.016942345186291e-05,2.0169423518946035e-05,2.016942358517245e-05,2.0169423449984254e-05,2.0169423514272347e-05,2.0169423491677398e-05,2.0169423420743586e-05,2.0169423577121345e-05,2.0169423493267123e-05,2.016942354768295e-05,2.0169423513233214e-05,2.01694235062571e-05
88,1.9230769230775598e-05,1.9230769625678072e-05,1.9230769571284235e-05,1.923076960473902e-05,1.9230769545559363e-05,1.9230769542944996e-05,1.923076963178587e-05,0.9996346153786655,1.92307695037834e-05,1.9230769508465195e-05,1.9230769528463375e-05,1.9230769532962506e-05,1.9230769485391984e-05,1.923076952233032e-05,1.9230769539895054e-05,1.9230769647109388e-05,1.923076948289356e-05,1.9230769621358505e-05,1.9230769561845706e-05,1.9230769647249382e-05
89,1.927525057826454e-05,1.927525089674487e-05,1.927525092882143e-05,1.9275250925709255e-05,1.927525101239753e-05,1.9275250987618737e-05,1.927525090879485e-05,1.9275250838011956e-05,1.9275250903482528e-05,1.9275250949378076e-05,1.9275251011115892e-05,1.9275250949597095e-05,1.927525107187732e-05,1.927525095398955e-05,1.927525096214437e-05,1.9275250923165188e-05,0.9996337702323407,1.9275250961565197e-05,1.9275250892928924e-05,1.9275251003577136e-05
90,2.3992322456826936e-05,0.22447931856022244,2.3992323029215356e-05,0.18780738103780545,0.04195387244560943,0.17888711294080523,0.03379050345635133,0.013798597733618904,2.3992322920022628e-05,2.3992323046499205e-05,2.3992322891740655e-05,2.399232298117039e-05,2.3992323029198303e-05,2.39923228718596e-05,2.3992323056790032e-05,2.3992322999572445e-05,2.3992323041402442e-05,2.3992323035628107e-05,0.044166972344339035,0.2748283336058883
