doc_id,T00,T01,T02,T03,T04,T05,T06,T07,T08,T09,T10,T11,T12,T13,T14,T15,T16,T17,T18,T19
0,3.536067947102716e-05,3.5360679535120726e-05,3.536067942950454e-05,3.536067945958004e-05,3.536067925680031e-05,3.5360679335909324e-05,3.5360679424957146e-05,3.53606793505613e-05,3.536067937399835e-05,3.536067943694847e-05,0.9993281470886728,3.536067954151209e-05,3.53606794811001e-05,3.536067936143413e-05,3.536067953014058e-05,3.536067939985479e-05,3.53606794162246e-05,3.536067948798652e-05,3.5360679282633696e-05,3.536068175194568e-05
1,0.80008908650333,1.6677785478568913e-05,1.667778547955912e-05,1.6677785421878712e-05,1.667778553442162e-05,1.667778548117453e-05,1.6677785611935853e-05,1.66777855540518e-05,1.6677785395791005e-05,1.66777855854982e-05,1.667778546080814e-05,1.6677785483020068e-05,0.012248654645629442,0.187378736497471,1.6677785517170285e-05,1.6677785554058752e-05,1.6677785520002316e-05,1.667778552924358e-05,1.6677785432610135e-05,1.667778552989107e-05
2,0.4054686822990616,3.300330109775166e-05,3.300330098744347e-05,0.04692346587228974,3.300330120660397e-05,0.01889749496479355,0.24260413059402147,3.3003301145078244e-05,3.300330125586435e-05,3.300330110731272e-05,3.300330087251366e-05,3.3003301080123495e-05,3.3003301244488836e-05,0.2637488557834318,3.300330084280271e-05,0.021895324271251126,3.300330105024425e-05,3.30033010594465e-05,3.300330103687818e-05,3.3003301164110085e-05
3,2.934272350678682e-05,2.9342723491742994e-05,2.934272345335932e-05,2.9342723473007273e-05,2.934272352047276e-05,2.9342723856879864e-05,0.9994424882530428,2.934272355834481e-05,2.9342723477341395e-05,2.934272358259631e-05,2.9342723381550998e-05,2.934272349225326e-05,2.934272351275128e-05,2.934272357116461e-05,2.934272333872983e-05,2.934272352779444e-05,2.9342723704277252e-05,2.9342723564170962e-05,2.9342723450291926e-05,2.934272349367542e-05
4,0.07876644133591684,0.026687533384296958,5.834305850737686e-05,5.834305836872192e-05,5.834305838475181e-05,0.36323302910757216,5.834305822523115e-05,0.06237789587305674,0.1519821222233468,5.834305866609017e-05,5.834305868924407e-05,5.834305873494861e-05,5.8343058245043724e-05,0.01081176432388517,5.834305864514331e-05,0.03973073172246795,5.834305831642976e-05,0.2084068749927354,0.057361833393527455,5.8343058411517194e-05
5,1.9817677713692162e-05,1.9817677720394277e-05,0.5252389023258418,1.9817677700261405e-05,0.30875900983586185,1.981767778539617e-05,1.9817677840082756e-05,1.981767779827968e-05,1.981767781457832e-05,1.9817677714181768e-05,1.981767774890984e-05,1.9817677711980742e-05,0.015224736461666945,1.981767769212233e-05,1.9817677680038903e-05,1.9817677700281757e-05,1.9817677804134847e-05,1.9817677801095e-05,0.15046026853269698,1.9817677707151838e-05
6,0.06776973022614496,3.958828289267399e-05,0.557569550374967,0.151709051491136,3.958828262610943e-05,3.958828301315389e-05,3.958828261247979e-05,0.0345673772392474,0.023467667108357772,3.958828294542293e-05,0.008779241432067467,3.958828275276066e-05,3.95882825939386e-05,3.958828266464097e-05,0.020984980333476882,3.9588282662196974e-05,3.9588282776583326e-05,3.95882827757054e-05,0.008459629631546492,0.12625730105274016
7,2.812148533869029e-05,2.8121485313956462e-05,2.8121485230543236e-05,2.812148546672385e-05,2.8121485323389197e-05,2.812148527684496e-05,2.8121485468879995e-05,2.8121485289275765e-05,2.8121485352390918e-05,2.8121485215439683e-05,2.8121485202922986e-05,2.8121485354919213e-05,2.8121485519700318e-05,2.812148550384534e-05,2.8121485478456478e-05,2.8121485406287458e-05,2.8121485346858004e-05,0.9994656917783994,2.8121485194481273e-05,2.812148531714118e-05
8,0.10984124344791062,4.70809804846977e-05,4.708098024026483e-05,4.7080980480203677e-05,4.708098021518919e-05,4.7080980512665266e-05,4.708098055166443e-05,0.05105931445427869,4.7080980486918574e-05,0.047036131784105234,4.70809803586734e-05,0.011285841081253148,0.02188179086451554,4.708098047202087e-05,4.7080980203891676e-05,0.5769017428655926,0.01413902873187391,4.708098033932183e-05,4.7080980412590905e-05,0.16728993500571246
9,0.14649704202725997,0.05281073804227518,3.793626804615935e-05,3.793626791080457e-05,3.7936268103449534e-05,0.027213941901817962,3.793626802105923e-05,0.06496877824526057,3.793626769273237e-05,3.793626800787245e-05,3.793626784218e-05,3.793626799246288e-05,0.3587907297062475,3.793626802012148e-05,3.793626787700104e-05,0.09587396805296555,3.793626789451068e-05,3.793626801565392e-05,3.7936267728864e-05,0.25335163054102044
10,0.1057187349258793,0.022508320117666614,0.11367924462975121,0.05293651658145557,0.04534570738929703,2.5720165169144035e-05,2.572016526243076e-05,0.5169189863115932,2.5720165166386537e-05,2.572016513054796e-05,2.572016526827105e-05,0.1262452720815849,0.01633857598081342,2.5720165064646285e-05,2.572016503381791e-05,2.572016520374274e-05,2.5720165028994127e-05,2.572016514796122e-05,2.5720165212901144e-05,2.572016526995823e-05
11,3.448275931149275e-05,3.448275918426569e-05,3.4482759297618974e-05,3.4482759186859984e-05,3.448275953936349e-05,3.4482759484913524e-05,3.4482759361947155e-05,3.4482759369017414e-05,3.448275934775911e-05,0.16537185479888428,3.448275934133922e-05,3.4482759270102926e-05,3.4482759220700325e-05,0.1843161865613293,3.448275948963397e-05,3.448275928122354e-05,0.6497257517311285,3.448275932918683e-05,3.4482759239532646e-05,3.4482759402867344e-05
12,1.661129609319436e-05,1.661129607694782e-05,0.5646326331050651,0.012472488212624113,1.6611296103024187e-05,1.6611296002283408e-05,1.661129611420681e-05,0.11003558746836246,0.047594678273858326,0.07193611081943237,1.661129609286425e-05,0.1484561660890402,1.661129602970336e-05,1.6611296032869205e-05,1.6611296058399107e-05,1.6611296071537662e-05,1.66112959830968e-05,0.044656389182778554,1.6611296112138496e-05,1.661129606847874e-05
13,2.1561018121308073e-05,2.1561018194682935e-05,2.156101809810815e-05,2.1561018274957132e-05,2.1561018092778966e-05,2.1561018318289643e-05,2.1561018075242162e-05,2.15610181490545e-05,2.15610180588135e-05,2.1561018148907862e-05,2.1561018186755046e-05,2.156101822826988e-05,0.044451197633406964,2.1561018374224294e-05,2.1561018122577135e-05,0.08157947153600385,2.15610181113366e-05,2.156101813537671e-05,2.1561018076202975e-05,0.8736027935218222
14,1.1039964857526136e-05,1.1039964861490208e-05,1.1039964862719712e-05,1.1039964893045306e-05,1.1039964896749491e-05,1.1039964910344605e-05,1.103996483299366e-05,0.957268709726762,1.103996489973279e-05,1.1039964820701055e-05,1.1039964826567543e-05,1.103996487526949e-05,1.1039964889588405e-05,1.103996482781112e-05,1.1039964813355323e-05,1.1039964863718984e-05,1.1039964869591878e-05,1.1039964865419892e-05,0.0425325709057295,1.1039964841956913e-05
15,0.09881251343754495,0.04314952881079808,0.4822657236797282,2.8885038276273876e-05,2.888503813617326e-05,0.043404346328655675,2.88850381183013e-05,2.888503820527694e-05,2.8885038663252042e-05,2.8885038201976337e-05,2.8885038231071543e-05,2.888503831160741e-05,2.888503819002482e-05,2.8885038267017114e-05,0.06161180659870512,2.8885038224482243e-05,0.05689554621120386,2.8885038250405856e-05,2.88850381274574e-05,0.21348502943616088
16,0.1021450944695501,6.729475262154207e-05,0.5884814402788067,0.04089664804328201,6.729475244790644e-05,6.729475318127859e-05,6.729475264494203e-05,6.729475276260164e-05,6.729475283212259e-05,0.11029873771056181,6.72947525091583e-05,6.729475268143021e-05,6.729475285220923e-05,6.729475215125944e-05,6.729475265749505e-05,0.024422175014240627,0.039489129848696895,6.729475280431758e-05,6.729475250914373e-05,0.09339194285020631
17,2.6483051396991976e-05,2.648305130580565e-05,2.6483051525556452e-05,2.648305126867186e-05,2.6483051283649023e-05,2.64830514050621e-05,2.6483051257469423e-05,2.6483051321260105e-05,2.648305143943552e-05,2.6483051405596848e-05,2.6483051374778123e-05,2.648305136681615e-05,2.648305135893417e-05,2.6483051247081076e-05,2.6483051539323367e-05,2.6483051248589428e-05,2.6483051338679673e-05,0.9994968220241223,2.6483051352328457e-05,2.648305144172673e-05
18,0.05258432568761596,0.20214569032028099,0.021755563922755947,3.4843206355928965e-05,0.043639609362291276,3.484320614282563e-05,3.4843206545875474e-05,3.4843206322974756e-05,3.4843206231028814e-05,3.484320628263145e-05,3.484320621052659e-05,0.15064347969603442,0.011790733052861905,0.3411399808015136,3.484320646733434e-05,3.484320638966941e-05,3.484320633880514e-05,0.07873836831333927,3.4843206488889015e-05,0.09717897357353032
19,0.155916000576744,3.3068783948082356e-05,3.306878392774595e-05,0.5016340782262414,3.306878368477274e-05,3.306878376215004e-05,0.17006824653485889,0.051421109241511984,3.30687837372723e-05,3.306878368535684e-05,3.3068783646778507e-05,3.3068783892365044e-05,3.3068783734369296e-05,3.3068783958408026e-05,0.013248039677017334,0.023937904432920647,3.306878379884546e-05,0.03820492366203572,3.306878383869168e-05,0.045172872243055
20,0.07152408780667899,2.9744200500416053e-05,2.9744200463072664e-05,2.9744200548948865e-05,2.9744200665208362e-05,2.9744200542957937e-05,0.0508676236899006,0.00850335476067464,2.974420046133855e-05,0.007645218841191632,2.9744200268890096e-05,2.9744200543244068e-05,2.974420043644187e-05,0.8085780728029085,2.974420021735403e-05,2.9744200660028302e-05,0.044968375357902414,2.9744200604980806e-05,0.007526592134417133,2.9744200413198375e-05
21,1.568381466038777e-05,1.568381464640599e-05,1.5683814601361133e-05,1.568381470160287e-05,1.5683814642394207e-05,1.5683814563711108e-05,0.01523220140870183,0.008198724876111455,1.5683814712048176e-05,1.568381463437586e-05,1.5683814590494032e-05,0.012986635467066404,1.5683814625867504e-05,0.9188356736283086,0.007102393931892108,0.037424797282860675,1.5683814668694648e-05,1.5683814661105812e-05,1.5683814646861547e-05,1.568381470325719e-05
22,0.2261819792348556,1.9282684548324604e-05,0.013743621542596124,1.92826845002568e-05,1.928268446909334e-05,1.928268455004366e-05,1.928268462406152e-05,1.9282684531001137e-05,1.928268451949919e-05,1.9282684635447008e-05,1.928268455776971e-05,1.928268452067973e-05,1.9282684569443185e-05,0.47631457511039427,1.928268436267154e-05,0.28345130115971295,1.9282684481731585e-05,1.9282684567920196e-05,1.928268442599814e-05,1.9282684577067467e-05
23,1.828822281717609e-05,0.11224991228784634,0.2225127692217256,1.8288222792085255e-05,0.0016673391132854829,1.8288222752637264e-05,1.8288222898526366e-05,0.3221713665431112,0.004648111097654655,0.0037021659190080445,1.828822271035221e-05,0.30603852172050017,1.82882227294375e-05,1.8288222747682304e-05,1.828822288161363e-05,0.024504967973892712,1.8288222866079427e-05,0.0023036756722451977,1.8288222799639298e-05,1.8288222735389498e-05
24,0.19752312864921598,0.03265314453722843,3.130870457911334e-05,0.029659145255978115,3.130870445493238e-05,3.130870438477344e-05,3.130870440045865e-05,3.130870455723467e-05,3.130870487854684e-05,3.130870445362376e-05,3.1308704428101746e-05,0.6385942368870171,3.130870442250495e-05,3.130870442696944e-05,3.1308704535025845e-05,3.1308704535045036e-05,3.130870445363372e-05,3.1308704505921536e-05,3.1308705425130594e-05,0.10110071410211954
25,3.2299742193395e-05,3.229974224042048e-05,3.2299742067450074e-05,3.2299742320735544e-05,3.2299741998262925e-05,3.229974206530205e-05,0.7799565401221953,3.229974200444428e-05,3.22997421000427e-05,3.22997421872553e-05,3.229974239459208e-05,0.21946206451866415,3.2299742284527386e-05,3.229974233418629e-05,3.229974216666359e-05,3.22997420730497e-05,3.2299742067112765e-05,3.229974225643237e-05,3.229974206881667e-05,3.2299742318022545e-05
26,2.2232103755903195e-05,2.2232103760654694e-05,2.2232103557942183e-05,2.2232103557370283e-05,2.223210362592102e-05,2.2232103599526093e-05,0.0559390894822666,0.6447417138233197,2.2232103468364054e-05,0.08138687354282682,2.2232103640017602e-05,0.02645640803052605,2.2232103668517774e-05,0.009122529001006352,2.2232103612638448e-05,0.10344288480380447,2.2232103655938664e-05,2.223210361824637e-05,2.2232103567897527e-05,0.0786214839691613
27,3.501400643362073e-05,3.5014006551776456e-05,0.025339537097614797,3.501400646827534e-05,3.5014006354449275e-05,3.501400625864891e-05,3.501400623527519e-05,0.03023010530977523,0.04315827327183542,0.01567835174177525,3.501400636616168e-05,0.02628976411563996,3.501400622715648e-05,3.501400643356566e-05,0.04513350299298439,0.26432484740450835,0.4606277760726881,0.018521813344271457,3.501400632240333e-05,0.0703458885852557
28,0.0703533052546436,2.3430178690503428e-05,0.6355480957987847,2.3430178663722564e-05,2.343017858284096e-05,0.06779899490800614,0.019323325538875523,0.041276390851845375,2.343017854871275e-05,2.3430178660029697e-05,2.343017856645751e-05,0.02949104342312918,2.3430178585170433e-05,2.3430178586301594e-05,2.343017856321012e-05,0.034510629313808924,2.3430178656718188e-05,2.3430178609534997e-05,0.030817722662055243,0.07062276028413803
29,0.07117244919444489,2.1929825077698532e-05,0.02297404539869202,2.1929825073117385e-05,0.007283880255552499,2.1929825051905684e-05,2.192982507253149e-05,2.1929825216327854e-05,2.1929825199058173e-05,2.192982510594417e-05,2.1929825026380092e-05,0.06379113413008708,0.624385654706548,0.018284430143564026,2.1929824969157595e-05,0.10833349747564638,0.08351175079425734,2.192982511352352e-05,2.1929825235935806e-05,2.1929825066255767e-05
30,1.8789928953919833e-05,1.8789928906008285e-05,1.878992889892586e-05,1.878992895868408e-05,1.8789928892218504e-05,1.8789928897580612e-05,1.8789928910527805e-05,1.8789928936630416e-05,0.9996429913502011,1.8789928924265792e-05,1.878992888844701e-05,1.8789928962910677e-05,1.878992883813518e-05,1.8789928885419492e-05,1.878992889442953e-05,1.8789928932019708e-05,1.8789929246748525e-05,1.8789929001148242e-05,1.8789928945128634e-05,1.8789928925946614e-05
31,0.26999524707074884,0.03486763559950678,0.034159436838660795,3.3738192361669035e-05,0.038075738729733355,3.3738192317644274e-05,3.373819242544525e-05,3.373819252521452e-05,3.373819246991114e-05,0.03292002393365209,3.373819236799752e-05,0.07912759316824831,0.046306061813030694,0.07169338875461244,3.373819229603256e-05,3.3738192237650895e-05,0.041149420112593094,0.2978006871203526,0.053601123127465386,3.3738192394088286e-05
32,0.5069914282118266,0.12833217572740233,2.898550795377977e-05,0.2280368586440063,2.8985507823012765e-05,0.02197928559312525,2.898550797198058e-05,2.89855078369284e-05,0.03837573100092307,2.8985507905345865e-05,2.8985507834388434e-05,2.8985507954742658e-05,2.898550773708583e-05,2.8985507907245112e-05,2.8985507802569272e-05,2.898550783773366e-05,2.898550787705956e-05,0.027429906715084516,2.8985507791348583e-05,0.04847780250539855
33,0.9994558991745969,2.8636884835221262e-05,2.863688501110571e-05,2.863689773659399e-05,2.8636884667000844e-05,2.8636884763197126e-05,2.8636884756866164e-05,2.8636884721670854e-05,2.8636885172639104e-05,2.8636884784206538e-05,2.8636884911655998e-05,2.8636885089972167e-05,2.8636884907997642e-05,2.8636884845319413e-05,2.863688482280681e-05,2.8636884749274167e-05,2.8636884838232502e-05,2.863688498089516e-05,2.863688494963842e-05,2.8636884858859445e-05
34,1.9334880580209473e-05,1.9334880543445828e-05,1.9334880597392225e-05,1.933488052665212e-05,1.9334880548592983e-05,1.9334880622529696e-05,0.00538464438859294,1.9334880485622144e-05,0.03451017831169199,1.9334880559044407e-05,1.9334880566419584e-05,0.6057060683093662,1.933488057565987e-05,0.24901360836865286,1.9334880605769546e-05,1.9334880512035363e-05,0.08121962639207081,0.023895185901935435,1.9334880434402337e-05,1.933488053197934e-05
35,3.0959753125315475e-05,3.095975297845729e-05,0.03062768580387076,3.095975296500849e-05,0.20726527230724184,3.0959752937503815e-05,3.0959752930903056e-05,3.095975300654382e-05,3.095975309345995e-05,3.095975295723249e-05,3.0959753014743394e-05,0.34418725940826317,3.095975308962841e-05,3.095975279981131e-05,3.095975303461532e-05,3.095975297871009e-05,3.0959752796207125e-05,3.095975310070292e-05,3.0959753482591424e-05,0.41742442643233285
36,0.05631991643549651,0.14744875065605367,2.6301947004767144e-05,2.6301946814429344e-05,2.630194693817534e-05,2.630194683790171e-05,0.010081846251671332,2.630194704093934e-05,2.63019468778881e-05,2.6301947000860607e-05,0.030973858865403662,0.02129505638087758,0.08450952913190839,0.015744438911436075,0.07210078773531362,2.6301946979926097e-05,2.6301946796310035e-05,2.6301946979265865e-05,2.6301946927956167e-05,0.5612364942156408
37,3.906250078620051e-05,3.906250059388718e-05,3.9062500733346625e-05,3.9062500663631856e-05,3.906250071511972e-05,3.906250060932634e-05,3.9062500979694266e-05,3.906250065949904e-05,3.906250097409329e-05,3.906250092045376e-05,3.9062500608091364e-05,3.906250623648239e-05,3.906250080637363e-05,3.906250073172796e-05,3.906250133832101e-05,3.906250067795988e-05,3.906250068101758e-05,3.906250084649105e-05,3.906250066639381e-05,0.999257812479772
38,0.3487385090792662,4.4444445621601424e-05,4.4444445348944344e-05,4.4444445359926445e-05,0.14012031049844803,4.4444445486228165e-05,0.11933596055914954,0.020437142702166892,4.444444543684154e-05,0.04961921627608182,4.444444539678486e-05,4.444444541270937e-05,0.10260224422842411,0.10261671460394153,4.444444544120217e-05,0.048583236104178584,4.444444535365998e-05,4.444444550935367e-05,4.4444445254050694e-05,0.06745777704872204
39,2.6260504708464898e-05,2.6260504752848248e-05,2.6260504676106487e-05,2.626050455148667e-05,2.626050473183023e-05,2.6260504843659186e-05,2.6260504801551904e-05,2.6260504948823558e-05,2.6260504628049958e-05,0.504252819597249,2.6260504589967336e-05,2.626050463097398e-05,2.626050464440452e-05,0.12353010474369092,2.6260504579771218e-05,2.6260504763960697e-05,0.3717706470790834,2.6260504781623835e-05,2.6260504726152213e-05,2.626050461685078e-05
40,2.1853147350238838e-05,0.006609238917683671,0.13752198859944068,2.1853147388287748e-05,2.1853147242495264e-05,2.1853147234094165e-05,2.1853147336177176e-05,2.185314734713144e-05,2.185314735690608e-05,2.185314728161864e-05,0.2912524228609316,2.1853147356598907e-05,2.1853147349522668e-05,2.1853147307040676e-05,0.003963123655708967,0.07698014702206633,2.185314722638272e-05,2.1853147429663925e-05,2.1853147205191144e-05,0.4833671348817573
41,3.026634458343527e-05,0.0217997083995657,3.026634460526113e-05,3.026634466448565e-05,0.11759294954515788,3.0266344567965863e-05,3.0266344523299383e-05,3.0266344587205305e-05,0.01398856507209272,0.08465825027567628,3.026634430550475e-05,0.11515857534480461,3.0266344399571674e-05,0.2581983573882559,3.026634438887277e-05,3.0266344504128032e-05,0.2307811962290024,0.15745920161120971,3.0266344670082664e-05,3.026634443493804e-05
42,0.06755298584586508,4.821600860542141e-05,4.821600859784278e-05,4.821600877049811e-05,0.03198526890293873,4.821600882178372e-05,0.11781120319401467,0.06533460528814039,4.8216008590704415e-05,4.821600902597449e-05,4.821600871669287e-05,4.82160087741883e-05,0.09151041935021567,0.03871438384688137,4.8216008308626276e-05,0.23453061775444684,4.821600875058373e-05,4.821600866728931e-05,0.009623500713967871,0.3424066390078999
43,0.7572721008927515,5.144033054367718e-05,0.011993456705445646,5.1440330827679835e-05,0.06260762909968225,5.144032999230329e-05,5.144033022701015e-05,5.144033035911597e-05,5.144033005419855e-05,5.1440330761892744e-05,5.14403306961681e-05,5.1440330234204086e-05,5.144033023386101e-05,5.144033035113544e-05,5.144032997358557e-05,5.144033039624519e-05,5.1440330171185194e-05,0.167303768016874,5.1440330026844214e-05,5.1440330397309394e-05
44,0.30449519416838133,0.018149172272495327,0.020865127672935368,2.992220287718365e-05,0.012145404984383186,0.04424630435117137,2.9922202902557903e-05,2.9922203052419746e-05,2.992220298652692e-05,2.992220308791534e-05,0.06813478006295103,0.06962556030909564,2.9922202987218118e-05,2.9922202891481003e-05,0.2443930559463192,2.9922203089056462e-05,2.992220295605045e-05,2.9922202890152333e-05,2.992220306631767e-05,0.21761625599948062
45,0.028806924480421985,0.04418798184152818,0.03930560294188131,2.4224806905622178e-05,2.422480674821102e-05,2.4224806721183816e-05,2.422480673710021e-05,2.4224806827022243e-05,2.4224806695059694e-05,2.4224806718565675e-05,0.17513734715438925,2.422480672496688e-05,0.04023755465450336,2.4224806770039667e-05,2.4224806606603006e-05,2.4224806821098074e-05,2.422480670195665e-05,2.4224806813163205e-05,2.4224806666135314e-05,0.6719854416328193
46,1.5365704150926453e-05,0.0573215503020492,1.536570416989921e-05,0.030406731589422024,1.5365704036856774e-05,1.5365704109960315e-05,1.536570410787237e-05,1.5365704104737923e-05,1.5365704074005965e-05,0.00999324641155309,1.5365704129466606e-05,0.03477480077022816,1.53657040913898e-05,1.5365704102598057e-05,0.8645120388162894,1.5365704064112553e-05,1.5365704131490056e-05,0.002776512252929765,1.5365704099160265e-05,1.5365704155894922e-05
47,4.0322581538020394e-05,4.032258165453756e-05,0.014644576170655363,4.0322581562115025e-05,4.03225816146025e-05,0.8000373801215426,4.0322581308227816e-05,4.032258158191842e-05,4.032258229093314e-05,4.0322581335991747e-05,4.032258114671118e-05,4.0322581386491587e-05,4.032258156282508e-05,4.032258151049606e-05,4.032258115654907e-05,4.032258140641406e-05,4.0322581754088504e-05,0.15602076978330637,0.028652112620302053,4.0322581384005416e-05
48,0.02727367723133077,1.5220700522255661e-05,1.5220700552789498e-05,1.5220700512983902e-05,0.014430098407139382,0.05144853001318966,1.5220700540911272e-05,0.2925330302932317,1.52207004759239e-05,0.014122211050575905,1.5220700389251561e-05,1.5220700495988617e-05,0.026526838186939017,1.5220700577906599e-05,1.5220700401485087e-05,0.5601424680289712,1.522070045950945e-05,1.5220700514856209e-05,0.013340498382641132,1.522070053753184e-05
49,0.6772307288252494,4.166666773788966e-05,0.08879706700582067,0.04616740926297259,4.166666742643709e-05,0.04110994683748357,4.16666676485459e-05,4.166666759908098e-05,4.1666668194044126e-05,4.166666811823869e-05,4.166666761433053e-05,4.166666771294892e-05,0.05867440748030913,4.1666667646456265e-05,4.1666667826950625e-05,0.0874371072396723,4.166666785710437e-05,4.1666667688150866e-05,4.166666766011808e-05,4.166666776217469e-05
50,1.626016290481149e-05,1.6260162959821883e-05,1.6260162925763908e-05,1.626016299241984e-05,0.8544095494586756,1.626016292829056e-05,1.6260162853602755e-05,0.1452977676089859,1.6260162889440797e-05,1.6260162908966567e-05,1.626016284165333e-05,1.62601628849962e-05,1.6260162891866774e-05,1.6260163030687752e-05,1.6260162793157996e-05,1.6260162885241458e-05,1.6260162942820756e-05,1.626016290727743e-05,1.6260162933889562e-05,1.6260162863765853e-05
51,0.08712418700611842,2.2542831889313415e-05,0.0332802461781655,0.032051165699672396,0.04889945812927648,0.2449138353532165,2.254283186889981e-05,0.03106366645743236,2.2542831837754957e-05,2.254283192771109e-05,2.2542831838667736e-05,0.10575385760127788,0.10493201694104304,2.2542831837170033e-05,2.2542831695623906e-05,2.2542831798622092e-05,2.254283176304208e-05,0.3117335954833971,2.2542831845336098e-05,2.254283209811575e-05
52,0.23231546555524346,2.7578599721709792e-05,0.2125626839340789,0.12493609878328384,2.75785996026105e-05,2.7578599819124077e-05,2.7578599590017965e-05,0.05086948998442878,0.24201515399221415,2.757859963943371e-05,2.7578599572161006e-05,0.024333464751648156,2.757859964372017e-05,2.7578599551636086e-05,2.7578599615409028e-05,2.7578599699025196e-05,2.7578599705013052e-05,2.7578599709659007e-05,2.7578599686197868e-05,0.11260912120354716
53,6.0532688975138526e-05,6.053268914430192e-05,6.053268875089795e-05,6.053268887325775e-05,6.0532688943779585e-05,0.0758509541477971,0.19299440325141834,6.0532689233166467e-05,6.0532688488610154e-05,0.17703344048345207,6.053268857642645e-05,6.0532688749035556e-05,6.053268867678014e-05,6.053268921061344e-05,6.0532688957300656e-05,0.10715469426644676,0.40461959199930625,6.0532688864336825e-05,0.04149945820683948,6.05326892965375e-05
54,0.050471764457951665,3.465003540966353e-05,0.030599825289042766,3.465003531868903e-05,0.12039030680412333,3.465003550945e-05,3.4650035378828036e-05,0.021848718285566643,0.4072005656443453,3.4650035285810754e-05,3.46500352460021e-05,3.4650035480816326e-05,0.17807432666656392,0.054396360884449366,3.4650035640478906e-05,3.4650035399305735e-05,0.13660233154296073,3.465003554480202e-05,3.465003536783381e-05,3.465003541422562e-05
55,2.42600685432223e-05,0.04927153961499608,0.07101204420221084,0.01957167244972472,0.038574494703540775,2.4260068579226294e-05,2.4260068603997908e-05,2.4260068453971222e-05,2.4260068330253024e-05,0.022741824587660973,2.4260068387189806e-05,0.02615531961859697,0.005630621574954526,0.6257730493503176,0.01326367906157486,2.4260068446131644e-05,2.4260068467837253e-05,0.053750999794081385,2.4260068460279026e-05,0.07403641442606926
56,2.5125628715321284e-05,0.028861739000911282,0.4409674572074756,2.5125628692274995e-05,0.022087710424484413,2.512562877883281e-05,2.5125628804840693e-05,0.18670728619993185,0.037916024767082716,2.5125628830039588e-05,2.512562869212199e-05,2.512562881835914e-05,2.5125628726956302e-05,2.512562869125239e-05,2.5125628639692962e-05,2.5125628787502468e-05,0.14241261826693297,0.14072053095959,2.5125628700264413e-05,2.512562871368412e-05
57,0.09365536519733918,2.8636884937108582e-05,2.863688495608934e-05,2.8636885026166737e-05,2.8636884988866456e-05,0.7058578402704951,2.8636885007996542e-05,0.07981217712203385,2.8636884834431987e-05,2.863688505366325e-05,2.8636885214751186e-05,2.863688511927209e-05,0.03818317828762243,2.8636885052036628e-05,2.863688511416661e-05,0.046232448059067635,2.8636885077425644e-05,2.86368850027499e-05,2.8636885016925046e-05,0.035858074673040044
58,2.4236549388843873e-05,2.423654923181597e-05,2.423654937544201e-05,2.4236549235167576e-05,2.423654940332992e-05,2.4236549148640186e-05,0.1796740914424939,2.423654930477213e-05,2.4236549211182757e-05,2.4236549324376e-05,2.4236549206881863e-05,0.700850923454166,0.02659835680379501,0.07165698706783634,2.4236549232633328e-05,0.02085609299248148,2.4236549322489612e-05,2.4236549264155046e-05,2.4236549287449692e-05,2.423654929012649e-05
59,0.22850494918900396,0.149763634221652,3.0138638232386657e-05,0.22431537827783274,0.021933910531229655,3.0138638431948846e-05,3.0138638348092798e-05,3.013863847002873e-05,3.013863837519977e-05,3.013863833411404e-05,3.0138638358255848e-05,0.25438162955787896,0.07550384449057128,3.013863829598875e-05,3.013863858262497e-05,3.0138638435178397e-05,0.04520485143265024,3.0138638457701528e-05,3.0138638372321074e-05,3.0138638487287277e-05
60,0.04839459502575893,0.1659343139031811,0.033067201205921895,2.585315469700638e-05,2.585315473383422e-05,2.5853154722253596e-05,2.5853154578961937e-05,2.585315467150342e-05,2.5853154662614118e-05,2.5853154828138382e-05,2.5853154759080793e-05,0.04587367474785093,2.585315462631561e-05,0.08661704760263587,2.585315463273517e-05,0.2943038365770227,0.3254732399267595,2.5853154715281793e-05,2.5853154501266742e-05,2.585315474012906e-05
61,0.08234132204147908,0.2652514341387197,2.1533161653512027e-05,2.153316158336571e-05,2.1533161557009668e-05,2.153316143728357e-05,0.2437679866563106,2.1533161581600935e-05,2.1533161642825232e-05,2.1533161548654667e-05,2.1533161554992588e-05,2.1533161563901633e-05,0.2536792017053735,0.0806056836553981,2.1533161952982348e-05,2.153316153133046e-05,2.153316150860819e-05,2.153316159030035e-05,2.1533161623673658e-05,0.07405290754038887
62,0.08495097136874871,0.8947681267371052,1.539408905641133e-05,1.539408903641122e-05,1.539408935681094e-05,1.5394088972266825e-05,1.5394088963607865e-05,1.5394089026743702e-05,1.539408896138892e-05,1.539408901270787e-05,1.5394089053078028e-05,1.539408908210345e-05,1.539408899729207e-05,1.5394088943513418e-05,1.539408905145215e-05,1.539408905626546e-05,1.5394088936766784e-05,1.539408902413116e-05,1.5394088962476216e-05,0.02001920238065265
63,6.934812912819067e-05,6.934812937861816e-05,6.934812901142104e-05,0.023233043192362444,6.934812924822127e-05,6.93481288261009e-05,6.934812900871224e-05,6.934812906069217e-05,6.934812888198678e-05,6.934812937237355e-05,6.934812896230401e-05,0.07135952562266543,6.934812875200874e-05,0.09157494172855475,6.934812899230527e-05,0.05673495326959067,6.93481288617179e-05,6.934812926109781e-05,6.934812872716757e-05,0.7560573142513538
64,0.2919649909044276,0.010855851150821189,0.040227160127495616,1.6458196590874795e-05,1.6458196570051015e-05,1.6458196577449194e-05,1.645819645227412e-05,0.09084711659181444,1.6458196534741495e-05,1.645819646040487e-05,0.160241220855637,0.05535446023235608,1.6458196505765446e-05,1.6458196542533276e-05,0.022180833861096795,0.19702941106057198,0.004749908292511502,1.6458196545953304e-05,1.6458196595097576e-05,0.1263844649578928
65,0.10696676814085884,3.9093042296001825e-05,0.25092487780186784,0.02958265029728072,3.909304213600881e-05,3.909304226043303e-05,3.9093042163869584e-05,0.02606610647429127,0.015085147001288038,3.9093042296785384e-05,3.909304224992185e-05,3.909304227533245e-05,3.909304207741685e-05,3.9093042187808036e-05,3.909304225329574e-05,0.19835003564059855,3.9093042172901144e-05,3.9093042231535936e-05,3.9093042364130866e-05,0.37251620509484923
66,4.088307541378331e-05,4.088307541725832e-05,4.0883075516554024e-05,4.088307530588158e-05,4.088307491104018e-05,0.2346727778838211,0.07966201252659053,4.088307506552128e-05,4.088307523034057e-05,0.07827205200200395,4.0883075113097784e-05,4.0883075519921806e-05,4.088307512472096e-05,0.6067390283839876,4.088307544439601e-05,4.0883075112526674e-05,4.0883075108983196e-05,4.0883075252730874e-05,4.0883074916538476e-05,4.088307514348513e-05
67,2.263467680837961e-05,2.2634676882639566e-05,2.2634676811003794e-05,2.263467673599108e-05,2.2634676698489413e-05,2.2634676739977103e-05,2.2634676802557778e-05,2.2634676827651705e-05,2.2634676721199938e-05,2.263467688538959e-05,2.263467690397209e-05,2.263467679319183e-05,2.2634676810571692e-05,2.263467677320766e-05,2.2634676780772904e-05,0.6304358297960344,2.2634676931272945e-05,2.2634676790510083e-05,2.2634676829008574e-05,0.36915674602143994
68,2.1853147347058615e-05,2.1853147289472708e-05,0.24809056424101375,2.1853147286565938e-05,2.1853147234328457e-05,2.185314717876674e-05,2.185314719012406e-05,2.1853147194677544e-05,2.1853147224056675e-05,0.6720731158509492,2.18531473670275e-05,2.1853147336799823e-05,2.1853147228813697e-05,2.185314713216298e-05,2.1853147364664006e-05,2.18531472314515e-05,2.1853147088464126e-05,2.1853147341145855e-05,2.185314721415238e-05,0.07946481640478731
69,0.1891967254920463,4.31406394864866e-05,0.0741696186545284,4.314063925700949e-05,4.3140639487736945e-05,4.314063952201322e-05,4.314063951157604e-05,4.314063948433889e-05,4.314063939853295e-05,0.007906837114800176,4.314063934055868e-05,0.04067753998776493,4.314063932566151e-05,4.31406394209319e-05,4.314063940882754e-05,4.31406394655568e-05,4.314063980109088e-05,0.03248939268627609,4.314063922792981e-05,0.6549559171124457
70,5.7012544111380635e-05,0.07840940074400739,5.701254437302137e-05,5.7012544024440794e-05,0.022508446727620403,5.701254384075756e-05,0.0672907347293874,0.03458448357367819,5.701254393409356e-05,5.7012543810710834e-05,0.08994658812166301,5.701254418545538e-05,0.5120441312818673,5.701254403184419e-05,5.701254429190742e-05,5.701254418677304e-05,5.701254422367658e-05,5.701254401040862e-05,0.03632093686003759,0.1582111274327142
71,0.0021598512889512084,0.11217992542409776,2.2553000157695755e-05,2.2553000017037172e-05,2.2553000043088172e-05,2.2553000093241037e-05,2.255300009960887e-05,2.255300010161498e-05,2.255299987467859e-05,2.2553000071858598e-05,2.2553000077272396e-05,0.8363527486688616,2.2553000132604853e-05,2.2553000168266726e-05,2.255300006707365e-05,0.011200242386162998,2.2552999923758015e-05,2.255300008185093e-05,2.2553000157534903e-05,0.037768937230859355
72,2.1213407249766575e-05,2.1213407205460355e-05,2.1213407248952214e-05,0.9985439965889851,2.121340718865507e-05,2.121340711658057e-05,2.1213407191016204e-05,2.1213407245925765e-05,2.1213407139510458e-05,2.1213407158531264e-05,2.12134072207299e-05,2.1213407363044947e-05,2.1213407298076608e-05,2.1213407383494606e-05,2.1213407169208114e-05,2.1213407257730667e-05,2.1213407161549873e-05,0.0010741620810712402,2.1213407170514005e-05,2.1213407174720666e-05
73,0.2356887294763575,0.19753401378484037,5.2356022176244014e-05,0.03424841711332887,0.007882340563088638,0.009430214347120408,5.235602199423889e-05,5.2356022274928726e-05,5.235602234232576e-05,5.23560218959232e-05,5.2356021954128583e-05,0.05444475845623566,5.235602201987296e-05,5.2356021646785165e-05,0.20014855577025317,0.03309818581465953,5.2356021976907366e-05,5.235602184602959e-05,0.027293985845465704,0.19970723860852285
74,0.02470761380815915,0.09553244048436872,0.021507158201884955,0.04733493601861754,4.436557353906174e-05,4.4365573335678385e-05,4.436557335313952e-05,0.08199912996647671,4.436557324515727e-05,4.436557329964773e-05,4.436557321565468e-05,0.4472483690975486,4.436557357536504e-05,4.436557342452446e-05,0.01659774310708147,4.436557343166181e-05,4.436557298116207e-05,4.4365573321128155e-05,0.01534815810832707,0.24923642990081366
75,2.6525199584434453e-05,0.44891601102767953,0.05231131009942765,0.018749498845000385,2.6525199470506076e-05,2.6525199608277028e-05,0.008620032996335226,0.07719207936584557,2.652519936889953e-05,2.6525199586714158e-05,2.6525199505540412e-05,2.6525199577714294e-05,2.6525199469442097e-05,0.020334301646412187,2.652519935894701e-05,2.652519950892887e-05,2.652519942846923e-05,0.3735319384256517,2.6525199607401874e-05,2.6525199572502595e-05
76,8.996041901125725e-06,8.996041893784557e-06,8.996041914763472e-06,8.996041885008433e-06,8.996041923283741e-06,8.996041925114884e-06,8.996041889871088e-06,8.996041934383749e-06,8.99604191499926e-06,8.996041890948357e-06,8.996041882298604e-06,8.996041889605908e-06,8.996041891744678e-06,8.996041897658284e-06,8.996041877062392e-06,8.996041886799242e-06,8.996041868448758e-06,8.996041906728179e-06,0.9998290752039345,8.99604189185142e-06
77,2.0391517586405937e-05,0.0840991467474449,0.03694296143073209,2.0391517489159883e-05,2.039151761229833e-05,2.0391517557816013e-05,2.0391517628960902e-05,2.039151759237623e-05,0.02629607764593443,2.039151759564617e-05,2.039151756330228e-05,0.15508115789811844,2.0391517583893193e-05,0.062391724876794966,2.039151753262278e-05,0.5568087607762999,2.039151769235251e-05,0.0781150808959892,2.039151760237556e-05,2.0391517648614876e-05
78,2.5087807933950064e-05,0.009922103607327355,0.01294394373011063,2.508780773243396e-05,0.01270970038315679,2.5087807796668815e-05,2.5087807807531823e-05,2.5087807770881656e-05,2.5087807820054544e-05,2.5087807907846677e-05,2.5087807828626552e-05,2.5087807953176736e-05,2.5087807809037963e-05,0.5911701424996503,2.5087807979187837e-05,2.5087807774682862e-05,0.034864281823722865,0.3380385986462602,2.50878078006886e-05,2.508780785717401e-05
79,1.7349063417694195e-05,1.7349063387175374e-05,1.7349066418330992e-05,1.7349063416674157e-05,1.734906346651692e-05,1.734906351486463e-05,1.734906335996563e-05,1.734906342744829e-05,0.9996703677919522,1.734906345797845e-05,1.734906344909027e-05,1.7349063378709107e-05,1.7349063410186704e-05,1.7349063401537576e-05,1.734906341301727e-05,1.7349063372054145e-05,1.7349063431313783e-05,1.7349063462498893e-05,1.734906344350458e-05,1.734906341914696e-05
80,2.0008003621269035e-05,2.0008003587077723e-05,2.000800367971511e-05,2.0008003658654304e-05,2.000800359443633e-05,2.0008003561463677e-05,2.000800360270766e-05,2.000800357087197e-05,2.00080042088813e-05,2.0008003673459895e-05,2.000800353494127e-05,2.000800357329938e-05,2.000800364410549e-05,2.00080035878729e-05,2.000800351817128e-05,2.0008003538245003e-05,0.9996198479309858,2.0008003648347668e-05,2.0008003567031282e-05,2.0008003643667913e-05
81,0.08166287267814475,0.004132787147747231,1.844337925118122e-05,1.8443379302300363e-05,1.8443379272018715e-05,1.8443379283880554e-05,1.8443379150783248e-05,0.015310275406671799,1.844337928497963e-05,1.8443379094685283e-05,1.844337924625779e-05,0.033386163156673254,1.844337921650299e-05,1.8443379225759213e-05,1.844337926350688e-05,0.2848845043898591,0.5803651899116051,1.844337915415255e-05,1.8443379276251156e-05,1.844337927648426e-05
82,0.1515005451189278,9.402031043139234e-06,9.402031091328928e-06,9.402031064587256e-06,9.402031051517376e-06,0.004450828034679943,9.40203106850808e-06,0.1579656037222698,9.402030987710528e-06,9.40203101338024e-06,9.40203102675298e-06,9.402031066978145e-06,9.402031040972727e-06,0.03507747838170458,9.40203103174246e-06,0.5623921349833008,9.402031076480438e-06,9.40203107630161e-06,0.03195980490297092,0.056531378452506914
83,3.097893513439312e-05,3.097893511514715e-05,0.11809554657272332,3.097893487216071e-05,3.097893515427258e-05,3.097893487657974e-05,0.23640628787775866,3.097893509465178e-05,3.09789349198397e-05,3.097893499856605e-05,3.0978934830818875e-05,3.0978935009873116e-05,0.05872183469627679,0.19700041068611393,3.0978934768494354e-05,0.38931123614254387,3.0978934940409326e-05,3.097893508872011e-05,3.097893493944907e-05,3.097893483993051e-05
84,0.23806318127256176,0.2645537298981232,3.180661645213769e-05,3.180661651517124e-05,3.180661657357135e-05,3.180661649859102e-05,3.180661643953553e-05,3.180661684111208e-05,3.1806616699101006e-05,0.016051095925703415,3.180661655495135e-05,0.15389901070373624,0.2616922408517306,3.180661649719602e-05,0.02716864965850837,3.180661653581951e-05,0.038158605674218804,3.1806616588385946e-05,3.180661652026009e-05,3.180661670178545e-05
85,0.048024480640600366,0.04747438330753478,0.014847730498138688,0.032651502993284155,5.4171182190213586e-05,5.417118203226928e-05,0.0310447246273889,5.417118176370992e-05,5.417118188079382e-05,5.417118234491976e-05,5.417118183635189e-05,0.4525472068123351,5.417118188059386e-05,0.3727057457532698,5.417118245785971e-05,5.417118218989562e-05,5.4171182418032686e-05,5.4171182266808526e-05,5.417118198839022e-05,5.417118219832042e-05
86,0.07159210071187376,0.11102613148121504,0.053080180209231984,0.03235825289195369,3.491620202597025e-05,3.491620169112989e-05,0.3983130910002769,3.4916201924734924e-05,0.15822318345351113,3.491620206147141e-05,3.491620174307134e-05,3.4916201960466006e-05,3.4916201977684736e-05,3.491620181250723e-05,0.02272080362145964,3.491620199629559e-05,3.4916202020841756e-05,0.15226726220738218,3.491620201096609e-05,3.491620187048596e-05
87,2.0169423684243887e-05,0.039701995447194986,2.016942358765717e-05,0.742740489385274,2.016942356953748e-05,2.0169423616062892e-05,2.0169423568495134e-05,2.016942349886455e-05,0.05852276386091139,2.0169423635760843e-05,2.0169423575673576e-05,2.0169423638256378e-05,0.04074898277378772,2.0169423565287007e-05,2.01694236272566e-05,2.0169423514558824e-05,2.0169423586956654e-05,2.01694236032814e-05,0.11798322717888322,2.0169423676842375e-05
88,1.9230769642751027e-05,1.923076967039317e-05,0.929027400177959,1.9230769578814924e-05,1.9230769700263653e-05,1.9230769726101133e-05,1.9230769624706376e-05,1.9230769658479186e-05,1.9230769732866093e-05,1.923076960978205e-05,1.9230769558152334e-05,1.9230769623237367e-05,1.9230769647357755e-05,1.9230769648463082e-05,1.923076968316933e-05,1.9230769586322255e-05,0.07062644596827666,1.923076972014761e-05,1.9230769761685563e-05,1.9230769591547493e-05
89,1.9275250887969614e-05,1.9275250937781545e-05,1.9275250874965937e-05,1.927525090069095e-05,1.9275250804327675e-05,1.9275250826442567e-05,1.9275250922119496e-05,1.9275250841382334e-05,1.9275250857370705e-05,1.9275250900392206e-05,1.9275250883158196e-05,1.9275250959673792e-05,0.9996337702334445,1.9275250856782762e-05,1.9275250773248305e-05,1.927525087105559e-05,1.9275250822067605e-05,1.927525092831674e-05,1.927525082347335e-05,1.9275250884659304e-05
90,0.05759677712512069,2.399232296363291e-05,2.399232300594904e-05,2.3992323131560412e-05,0.03482631915577559,2.3992322924886233e-05,2.399232310176028e-05,2.399232300170745e-05,0.04595950250794003,0.02958167671885855,2.399232291343745e-05,0.15722456329547121,2.3992323032030412e-05,2.3992323089219583e-05,0.004701742698561292,2.3992322911372913e-05,0.065769246581935,0.5894236516105613,0.014652604752793561,2.399232290708321e-05
