doc_id,T00,T01,T02,T03,T04,T05,T06,T07,T08,T09,T10,T11,T12,T13,T14,T15,T16,T17,T18,T19
0,3.536067920527367e-05,3.536067958867374e-05,3.536067983263144e-05,3.536067985494048e-05,3.536067972636721e-05,3.536068066573817e-05,3.536067967817176e-05,3.536067965746891e-05,0.02669013890019646,3.536067977629342e-05,3.53606798258115e-05,0.7184644524322179,0.10991295324327742,3.536067948726871e-05,3.5360679572323816e-05,3.536067975335318e-05,0.09362554017494741,0.050776505052824134,3.536068007382375e-05,3.53606798385779e-05
1,1.6677785363154186e-05,1.6677785605114853e-05,0.012463914225052343,0.007847404082441169,1.6677785598418105e-05,0.908357593345033,1.6677785544216758e-05,0.0020838034319046656,1.6677785609460735e-05,1.6677785464719318e-05,1.6677785489368393e-05,1.667778558462472e-05,1.6677785559902172e-05,1.6677785641428443e-05,1.6677785534994446e-05,1.6677785610729258e-05,0.036349531073690614,0.032664264844002734,1.667778562185855e-05,1.667778564749887e-05
2,3.30033007806552e-05,3.30033011788518e-05,3.300330115947655e-05,0.056679623464932105,3.3003301136035896e-05,0.6752276700830178,0.05074426939923655,3.300330107031652e-05,3.300330110003743e-05,0.0034844230246462537,3.300330111572139e-05,0.017378581403190773,0.015094528555994795,3.300330099807462e-05,3.3003301280005246e-05,3.300330109129661e-05,3.300330114035147e-05,3.3003301108571076e-05,0.17205843708357318,0.008936427372249157
3,2.9342723509245934e-05,2.9342723899727235e-05,0.19542175098452808,2.9342723737341553e-05,2.934272374004306e-05,0.29630695412805547,0.18997517693250124,0.31782663437636516,2.934272360547473e-05,2.9342723322291546e-05,2.934272338453281e-05,2.9342723723301026e-05,2.9342723658063436e-05,2.934272401660081e-05,2.9342723603968118e-05,2.934272372174452e-05,2.9342723642806503e-05,2.93427237358987e-05,2.9342723599058498e-05,2.9342723650026734e-05
4,5.834305983064607e-05,5.834305866456453e-05,0.07609326002974434,5.834305846102531e-05,0.9052072575377674,5.834305886201803e-05,5.834305863523932e-05,5.8343058814748584e-05,5.834305893172006e-05,5.834305818583818e-05,5.834305858396915e-05,5.8343058180193106e-05,5.8343058123895264e-05,5.834305845267871e-05,5.834305839241243e-05,5.8343058141881806e-05,5.834305861076521e-05,5.8343058695100274e-05,5.8343058394142e-05,0.01770765043652753
5,1.9817677695173627e-05,0.7025071835139839,0.11701095313411707,1.981767774919302e-05,0.1038720042476134,1.981767775148633e-05,1.9817677896449495e-05,1.9817677758439117e-05,1.981767773201526e-05,1.9817677864557756e-05,1.981767791399835e-05,1.9817677832747908e-05,1.9817677770581118e-05,1.981767791469347e-05,0.07629277625962609,1.9817677738512986e-05,1.9817677835787157e-05,1.9817677734662462e-05,1.981767768748905e-05,1.9817677783675895e-05
6,3.9588282374184264e-05,3.958828273681888e-05,0.054396819206223274,3.9588282700091975e-05,0.4370410755210467,3.9588282607869596e-05,3.9588282658355795e-05,3.958828267034629e-05,3.958828259595406e-05,3.958828281537015e-05,3.958828287630827e-05,0.20089853610954406,0.12020189183141801,3.958828244957937e-05,3.9588282655412125e-05,3.958828270622779e-05,0.04202542028934964,3.9588282933826075e-05,0.144882021084725,3.9588282913119894e-05
7,2.8121485330878924e-05,2.812148531481095e-05,2.812148527504022e-05,2.8121485419243183e-05,2.812148542204816e-05,2.812148538147863e-05,0.5421396195089282,2.8121485279849336e-05,2.812148567252133e-05,2.81214853126979e-05,2.812148528819729e-05,2.812148523224345e-05,2.8121485294841158e-05,2.8121485250917387e-05,2.812148555791722e-05,2.81214854540552e-05,2.81214852707549e-05,2.8121485283981203e-05,0.45735419375464786,2.812148538253069e-05
8,4.708098102912063e-05,4.708098041550118e-05,0.008008708953935031,0.01934078442378209,4.708098028090656e-05,4.708098056436294e-05,0.025207693742673624,0.11653638818137452,4.708098021633375e-05,4.708098009399918e-05,4.7080980002054974e-05,0.14482246486036254,0.01171563699119003,4.708098022233422e-05,4.7080980171261237e-05,4.708098029861133e-05,0.028042224174910948,0.5375762267900718,0.07415581391965591,0.03412324815874897
9,3.793626747691883e-05,0.020869265534062525,3.793626783497265e-05,0.16566581684172876,3.793626803888045e-05,3.7936268091110764e-05,0.09022020831482275,3.793626813755573e-05,0.04628742355837621,3.793626759235525e-05,3.793626764691488e-05,0.0883582474379304,3.793626823451359e-05,3.7936267564860016e-05,3.7936268030735983e-05,0.2893510933599311,0.13008373718819122,0.16870897255049977,3.793626790276147e-05,3.793626790564933e-05
10,2.5720164957011756e-05,2.5720165295836715e-05,0.1370119332949347,0.028186648855443155,0.07851823870245084,2.5720165169102805e-05,0.006409501015283431,2.5720165117710728e-05,2.5720165174887278e-05,2.5720165004510724e-05,2.5720165084794238e-05,2.572016526206974e-05,0.24341775272261826,2.5720165100212677e-05,0.06178069273266107,0.016587799399425666,0.12172909847986495,0.024596858189296793,2.5720165266988897e-05,0.28150427495658803
11,0.11442480619538875,3.448275910505498e-05,3.44827591056035e-05,3.448275916677028e-05,3.448275927297868e-05,3.448275945255897e-05,3.448275921424571e-05,0.8849545041382167,3.448275940615694e-05,3.4482759261800024e-05,3.4482759528018665e-05,3.448275934110137e-05,3.448275917870265e-05,3.448275905010024e-05,3.4482759164902227e-05,3.448275919622362e-05,3.448275921200292e-05,3.448275926829691e-05,3.448275928086478e-05,3.448275918920592e-05
12,1.661129605919839e-05,1.661129605239669e-05,0.0604459086595403,1.661129595078438e-05,0.7933957868590352,1.6611296043123268e-05,1.6611296036499013e-05,1.661129599833642e-05,1.6611296032387186e-05,1.6611296008087227e-05,0.007840602425759994,1.6611296118056864e-05,0.13805192131879016,1.6611296226478616e-05,1.661129604084595e-05,1.66112960516764e-05,1.6611296068530512e-05,1.6611296063007854e-05,1.6611296063572625e-05,1.6611296061369567e-05
13,2.1561017981695582e-05,2.1561018226900138e-05,2.1561018183600858e-05,0.06149310200183016,2.1561018136468095e-05,2.1561018182788336e-05,2.156101813617879e-05,2.15610182298586e-05,2.156101807596858e-05,2.1561017932808964e-05,2.1561018062151447e-05,0.7959325850906599,2.1561018162321628e-05,2.156101828957468e-05,2.156101806874934e-05,2.1561018556309466e-05,2.1561018246468307e-05,0.094169330426978,0.04806000618994131,2.1561018118639322e-05
14,1.1039964755065988e-05,1.1039964849367874e-05,1.1039970265723504e-05,1.1039964828946306e-05,1.1039964837934849e-05,1.103996481217371e-05,1.10399648262175e-05,1.1039964830351783e-05,1.1039964805948659e-05,1.1039964843605922e-05,1.1039964852214979e-05,1.1039964804492045e-05,1.1039964826285332e-05,1.1039964798904053e-05,1.1039964872121929e-05,1.1039964838178682e-05,1.103996481238077e-05,1.1039964823140175e-05,1.1039964836257564e-05,0.9997902406628807
15,0.015426585265673656,2.888503825338059e-05,2.8885038187055564e-05,2.8885038188803725e-05,0.26297297989855034,2.888503810532565e-05,0.01845390656976863,2.888503814153263e-05,0.03993559067689568,2.88850380761601e-05,2.8885038387715717e-05,0.4898156058947002,0.015376435249553946,2.8885038093365917e-05,2.8885038154871795e-05,2.888503821553275e-05,0.0666191314731408,2.888503825345532e-05,0.09105314451335633,2.8885038303376132e-05
16,0.010826354345731018,6.729475271070087e-05,0.010558235140590786,6.729475287539208e-05,0.5461545572409668,6.729475299612834e-05,6.729475224231184e-05,0.015004349688370578,6.729475235709496e-05,6.72947522175574e-05,6.729475210620708e-05,0.27620774817152705,0.08624615137382646,6.729475231234241e-05,6.729475273058873e-05,6.729475282951271e-05,6.72947526378308e-05,6.729475281415013e-05,0.05412777225548827,6.729475266908672e-05
17,2.6483051637892167e-05,2.6483051379402466e-05,2.648305137277241e-05,2.6483051592751617e-05,0.8215662479834954,0.02672339734685969,0.07199024570703337,2.6483051525112356e-05,0.03859183619598858,2.6483051243258504e-05,2.6483051267431974e-05,2.648305149782679e-05,2.6483051420962527e-05,0.002202355589345235,2.6483051345157384e-05,0.013668177361100204,0.024913460147661756,2.6483051332458138e-05,2.6483051504390075e-05,2.648305139641775e-05
18,3.4843206273841464e-05,3.484320618253716e-05,3.484320638233809e-05,3.484320622902752e-05,3.484320649423249e-05,0.20924691472929086,0.3992118193855776,3.484320643045817e-05,3.484320645696468e-05,3.4843206167986246e-05,3.4843206186347515e-05,0.07241490884914417,0.07637697512430396,0.03314291148777915,0.04654683470052963,3.4843206299292006e-05,0.16260667404111523,3.4843206393804166e-05,3.484320652939149e-05,3.4843206233208935e-05
19,3.306878330898288e-05,0.005030228746608553,3.306878391877071e-05,3.306878382564739e-05,3.306878392974355e-05,3.306878385750294e-05,0.5845046576553143,3.306878380763667e-05,3.3068783890649877e-05,3.306878371765044e-05,3.306878367776632e-05,0.05024845802305298,0.07023972256467276,3.306878357959763e-05,3.306878370797323e-05,3.3068783878524756e-05,3.306878397691301e-05,0.15410957882643733,0.08049791055825807,0.05493954943657862
20,2.9744200296231544e-05,2.9744200546131136e-05,0.02747468670415411,2.9744200668447613e-05,2.9744200455064103e-05,0.5969307517821318,0.20875415756564603,0.1632256033125294,2.9744200448741087e-05,2.9744200223261787e-05,0.0031686376286654654,2.974420040421437e-05,2.9744200534693284e-05,2.9744200164316103e-05,2.974420051450374e-05,2.9744200416596166e-05,2.9744200475063313e-05,2.9744200527805178e-05,2.9744200483424057e-05,2.9744200714565948e-05
21,1.5683814532874802e-05,1.56838146579152e-05,1.568381456210451e-05,1.5683814567027394e-05,1.5683814592476035e-05,0.9997020075198847,1.568381483717225e-05,1.5683814620959134e-05,1.5683814632101175e-05,1.568381469014535e-05,1.568381471498294e-05,1.568381462952216e-05,1.568381461341574e-05,1.568381453741451e-05,1.5683814634622728e-05,1.5683814582260116e-05,1.5683814584587746e-05,1.5683816854882982e-05,1.5683814657124564e-05,1.568381461364517e-05
22,1.928268444737896e-05,1.9282684615284696e-05,1.9282684438709064e-05,1.9282684565596324e-05,1.9282684577945952e-05,0.30158604710004555,0.5109503982681582,1.928268455015247e-05,1.9282684466686443e-05,1.928268447843322e-05,1.928268462276433e-05,1.9282684526287615e-05,1.928268449639556e-05,1.9282684473461467e-05,1.928268444369764e-05,1.928268450539458e-05,1.9282684496393058e-05,0.1871357489951837,1.9282684463532984e-05,1.928268444437932e-05
23,0.0005554283941903618,1.8288222858688655e-05,0.009718521586046783,1.8288222771488365e-05,0.05746733700357961,1.8288222696260397e-05,0.006417077707995178,1.8288222713719827e-05,1.828822278782699e-05,1.828822282821263e-05,1.8288223005992936e-05,1.8288222774971605e-05,0.8544832312648964,1.8288222738827184e-05,0.002840767812805436,1.8288222720914958e-05,1.8288222786445926e-05,1.8288222844430444e-05,1.828822265859966e-05,0.06827988933430001
24,3.13087042187876e-05,3.130870426883832e-05,3.130870440435548e-05,3.130870466299743e-05,3.1308704589189435e-05,3.1308704813632166e-05,3.130870442725953e-05,3.130870437412365e-05,3.1308704562093346e-05,3.130870466039299e-05,3.130870438424863e-05,0.12289045979612138,0.7394145468229495,3.130870455036889e-05,3.130870438078047e-05,3.130870453376115e-05,0.13716274540449394,3.130870454178993e-05,3.1308704658082955e-05,3.130870440432563e-05
25,3.229974251798623e-05,3.229974213831881e-05,3.2299742288868186e-05,0.14833441954598092,3.229974216947524e-05,0.029966184510902903,0.34590006671889056,3.2299742360739237e-05,3.229974258510065e-05,3.2299742187017326e-05,3.229974202532569e-05,0.09779605396671463,0.3775187791236566,3.229974224435572e-05,3.2299742058335864e-05,3.2299742268218146e-05,3.229974231027449e-05,3.229974217301997e-05,3.229974238386867e-05,3.229974214343566e-05
26,2.2232103525234826e-05,0.007700031195005484,2.223210375113654e-05,0.777193846949482,2.2232103644230347e-05,2.223210373092262e-05,2.2232103759837985e-05,0.03402042560534982,2.2232103647900406e-05,2.2232103761729027e-05,2.223210383896143e-05,0.025977170057758105,0.016149345788373386,2.223210352971255e-05,2.223210364674033e-05,2.22321036298904e-05,2.2232103590558108e-05,0.12460857223306863,2.2232103515619602e-05,0.014061590823390023
27,0.1352346621361488,3.5014006206813736e-05,3.5014006284585733e-05,3.5014006257011857e-05,3.5014006487269916e-05,3.501400647250512e-05,3.501400645694422e-05,0.08888070719325769,0.016676275205991357,0.09014272619615742,3.5014006385487625e-05,0.06519381923501257,3.501400646591496e-05,3.501400619459115e-05,3.501400645713127e-05,3.5014006307231776e-05,3.501400645826545e-05,0.45908610203701633,0.14433052591340872,3.501400657331758e-05
28,2.34301784559359e-05,2.3430178815022232e-05,0.13304828969555801,2.3430178575944658e-05,0.4799618749163838,0.015144116849553,2.3430178540527283e-05,2.3430178662618673e-05,0.01934796973457519,2.3430178390299617e-05,2.343017851149113e-05,0.23562901306251202,2.3430178680313805e-05,2.3430178659417387e-05,2.3430178612662303e-05,2.343017858104453e-05,0.02657021654098602,0.0899939268785674,2.3430178688902485e-05,2.3430178690411115e-05
29,2.1929825030621067e-05,2.192982514848209e-05,2.1929825018031044e-05,2.1929824992830313e-05,2.1929825087245257e-05,2.19298251088296e-05,2.1929825019474625e-05,0.1299134346035818,2.1929825046707487e-05,2.1929825083481666e-05,0.017977926309615522,2.1929825022052093e-05,2.192982513712874e-05,2.1929824945843817e-05,2.1929825167370945e-05,0.6947399884906696,2.1929825071588883e-05,0.15701777339505013,2.1929825018694532e-05,2.1929825184507137e-05
30,1.8789929154135995e-05,1.878992908395714e-05,1.8789928921092644e-05,1.878992888144416e-05,0.03471241963552597,1.8789928915806172e-05,1.8789928898532003e-05,1.8789928990905435e-05,1.878992891917537e-05,0.9100858319887709,0.054882319582971746,1.8789928902829722e-05,1.878992893335427e-05,1.8789928804985606e-05,1.878992895391397e-05,1.8789928857515953e-05,1.8789928937883002e-05,1.878992971204241e-05,1.878992897518738e-05,1.8789928888539054e-05
31,0.02923645345407841,3.373819233732619e-05,0.05371299907225063,0.04336844432297675,0.29681616177911313,0.19516321435816203,3.373819241467624e-05,0.04306766213555897,3.373819250290785e-05,3.373819218649051e-05,3.3738192357115657e-05,3.37381923870983e-05,0.1240219608485768,3.3738192334718194e-05,3.3738192505312887e-05,3.373819237674661e-05,0.12169341807315877,3.3738192296795235e-05,0.07498985673596875,0.017592447296456485
32,2.8985507594980325e-05,2.8985507896486354e-05,2.8985507900793727e-05,2.8985507929331954e-05,0.08689399860271384,0.021259954342334835,0.12413991388573088,2.8985507926411716e-05,2.8985507920701237e-05,0.0330274852677372,2.8985508007747845e-05,2.8985507915334267e-05,2.8985508015257077e-05,2.8985507627605154e-05,2.898550780842955e-05,2.8985507994495107e-05,0.5546933149933727,2.8985507972973802e-05,0.17957953579768493,2.8985507914974586e-05
33,2.86368847240527e-05,2.8636884807987317e-05,2.8636885111011995e-05,2.8636884793823686e-05,0.1205508044063958,0.07159355673757695,2.8636884987005772e-05,2.8636884966853882e-05,2.863688488193571e-05,2.8636885285462144e-05,2.8636885000862577e-05,2.8636884842500433e-05,2.863688510441003e-05,2.8636884700678664e-05,2.863688480568121e-05,0.020383904972473412,0.7870135437248514,2.8636884889359468e-05,2.863688490180421e-05,2.8636884898911472e-05
34,0.07058666660001528,1.9334880585467336e-05,1.933488045099375e-05,0.053122212160787004,1.933488055855849e-05,0.27360886391827405,1.933488058659368e-05,0.014748603287862486,0.19263549512917694,1.9334880621315318e-05,0.016394798181209008,1.9334880579893533e-05,0.3111863895547605,1.933488050675597e-05,1.933488044220963e-05,1.9334880587850903e-05,0.05024013141140793,1.933488056116581e-05,0.01726415607054043,1.9334880485578953e-05
35,3.095975263421677e-05,3.09597528288237e-05,3.09597532082534e-05,3.0959753014691555e-05,3.09597530597534e-05,3.095975283793867e-05,3.095975297160383e-05,3.095975285289147e-05,0.006716923681540434,3.095975290743567e-05,3.095975292051516e-05,0.26871593504086816,0.4096945884600266,3.0959753021838894e-05,3.095975286066752e-05,0.3143771967704362,3.095975310808342e-05,3.0959752926766364e-05,3.095975300104665e-05,3.095975297413762e-05
36,2.630194681916809e-05,2.6301946918700245e-05,2.6301946899704213e-05,0.08220191025084618,2.6301947000163032e-05,0.06318553298613379,2.630194704069773e-05,2.6301946849503626e-05,0.08373987004361631,2.630194672419367e-05,2.63019471682729e-05,0.4882367485934958,2.6301947055963834e-05,2.6301947128053572e-05,2.6301946853964976e-05,2.630194703730029e-05,0.22859180488591646,0.0536759059825625,2.6301946939532644e-05,2.6301946993747218e-05
37,3.9062500476702215e-05,3.906250087524094e-05,3.90625008808735e-05,0.1178529728482449,0.01894397965578821,0.0410956090815029,3.906250096258303e-05,3.906250101120853e-05,0.043905822899333966,3.9062500844502786e-05,3.9062501148561776e-05,0.716179269246406,0.06147547125578035,3.9062501439568815e-05,3.9062500799871685e-05,3.906250071924872e-05,3.906250110389196e-05,3.906250101446596e-05,3.9062500893328686e-05,3.9062500773672556e-05
38,4.444444536491153e-05,0.043950551925697745,4.4444445325161976e-05,0.08626970573811205,4.444444557181994e-05,0.32044304335164125,0.16952859458259756,4.444444557460223e-05,4.444444545250694e-05,4.4444446360605544e-05,4.4444445579970046e-05,0.047125655751126386,4.444444553140937e-05,4.444444535831291e-05,0.14701226881561266,4.444444550225676e-05,0.09912291302930526,0.08601393345869049,4.444444626331314e-05,4.444444533179687e-05
39,0.02462256152286138,2.6260504717993635e-05,2.626050467156524e-05,2.62605046391752e-05,2.626050480651431e-05,2.626050481985447e-05,2.6260504844741582e-05,0.9749047493928387,2.6260504670388727e-05,2.6260504557093517e-05,2.6260504720811243e-05,2.626050454777999e-05,2.6260504642132e-05,2.6260504632000753e-05,2.62605046627775e-05,2.6260504640946336e-05,2.6260504708933598e-05,2.6260504617485533e-05,2.6260504616978312e-05,2.626050478280671e-05
40,2.185314717959872e-05,2.1853147336564663e-05,2.1853147312698355e-05,0.016271847230169844,0.08634002332987044,2.1853147362717127e-05,2.1853147366993207e-05,2.1853147219653137e-05,2.185314736451413e-05,2.1853147438649203e-05,2.185314730922346e-05,0.6787659049056549,0.06450181616190256,2.1853147218095816e-05,2.185314725130539e-05,2.1853147361010752e-05,2.185314746218542e-05,0.15379261116254778,2.185314736965623e-05,2.1853147301691663e-05
41,0.44133806946245435,3.0266344378253444e-05,0.03917366044102462,3.0266344552508552e-05,0.09165743281752706,0.2071230676428275,0.06749294589958142,0.09174173802951066,0.008464178797205452,3.0266344428054553e-05,3.0266344636419935e-05,0.021506352850226434,3.026634462632436e-05,3.0266344404405573e-05,3.0266344638199646e-05,3.0266344473240823e-05,0.031169624269651176,3.0266344618765346e-05,3.026634458846855e-05,3.0266344646735384e-05
42,4.821600838549752e-05,0.029861984925663037,0.0273128534459499,0.2708793927048236,4.821600859893229e-05,0.05924333377586005,0.032058052307436545,0.027324011288382737,4.821600852377734e-05,4.821600848509716e-05,4.8216008553987895e-05,0.19710776568943547,0.0397893506155461,4.821600832252469e-05,0.05330727433359631,4.8216008990282254e-05,4.821600874017326e-05,0.2626338208271683,4.8216008731389866e-05,4.821600880614996e-05
43,5.144032967842762e-05,5.144033049365114e-05,5.14403302373907e-05,5.14403302586979e-05,0.03190860049414783,0.36751007382831186,5.144033035388713e-05,5.144033026627167e-05,5.1440330034505335e-05,5.1440330140459054e-05,5.144033008653084e-05,5.144033054682222e-05,5.144033035493066e-05,5.1440330251629655e-05,0.04340198433928969,0.3434577956675788,0.10046989869680314,0.060067032844462936,0.05251588983625031,5.1440330452324774e-05
44,2.992220275327732e-05,2.9922202769365306e-05,0.07627558623327321,2.9922202946158023e-05,0.03097616698502005,2.9922203004718205e-05,2.9922202762691473e-05,2.9922203039914088e-05,0.1145658155724607,2.992220300316306e-05,2.9922203188758444e-05,0.23233691861740072,0.04721641524143608,0.01851853325266016,2.9922203076497867e-05,2.9922202851911784e-05,0.2568002791206595,0.13231880212596675,0.09066233861852929,2.9922203196986095e-05
45,2.4224806731943645e-05,2.4224806675500368e-05,2.4224806627145327e-05,2.4224806803598814e-05,2.4224806825196714e-05,2.4224806777191197e-05,2.422480682313059e-05,2.4224806751313493e-05,2.422480671372059e-05,2.422480664689996e-05,2.422480667029497e-05,0.8067985581092918,2.4224806732161414e-05,2.4224806716002624e-05,2.422480669389018e-05,2.4224806975437743e-05,0.10610141112772781,0.08668820904838659,2.4224806663196964e-05,2.4224806767263774e-05
46,0.013291085816625746,1.5365704064670883e-05,1.5365704089364058e-05,1.5365704018379312e-05,0.033257367119873704,1.536570422915635e-05,1.5365704300033593e-05,1.5365704221113646e-05,0.7634243829993614,1.536570415294439e-05,1.5365704188011426e-05,0.03538462374955487,0.021584923230644433,1.5365704083972206e-05,1.536570404174465e-05,1.5365704064931755e-05,0.056526757283920294,0.07633110564628796,1.53657041603146e-05,1.5365704116966443e-05
47,0.0799835036971048,4.032258147431325e-05,4.0322581611948115e-05,0.7708063314589377,0.14852468096022484,4.032258127599744e-05,4.032258139993569e-05,4.0322581374377863e-05,4.032258132302799e-05,4.0322581496648005e-05,4.032258150622154e-05,4.0322581202931815e-05,4.0322581322062954e-05,4.0322581167527823e-05,4.032258127455818e-05,4.0322581410293294e-05,4.0322581527874504e-05,4.032258136632162e-05,4.0322581408615755e-05,4.032258158994626e-05
48,1.5220700343798107e-05,0.6016515500926383,0.020960369282344654,0.010664301692600258,1.5220700500231651e-05,0.024902601483528543,1.5220700508894731e-05,1.52207005536764e-05,1.5220700456135145e-05,1.5220700396546719e-05,1.522070043578529e-05,1.5220700515400666e-05,1.522070049866717e-05,1.5220700597042786e-05,0.02299392151093433,1.5220700577748878e-05,1.5220700520201103e-05,0.14767650413523115,1.5220700552028034e-05,0.1709528826962667
49,4.166666720950585e-05,0.024445834900882094,0.06959413159532615,0.07708461898233106,0.12476574995352636,0.01567481337176039,4.166666780955115e-05,4.1666667609850754e-05,4.1666667795441236e-05,4.166666735551081e-05,4.16666676320391e-05,0.008942576895123967,4.1666667741062954e-05,4.166666747751969e-05,4.166666748509711e-05,4.166666766971814e-05,0.3321184609948969,0.27069483411701145,0.07622064584585443,4.1666667501833704e-05
50,1.6260163045245433e-05,1.6260162889947326e-05,1.6260162914548402e-05,1.6260162869062387e-05,1.6260162947006308e-05,1.626016289835639e-05,1.626016296458707e-05,1.6260162944168043e-05,1.6260162828230466e-05,1.626016305365089e-05,1.62601629134223e-05,1.6260162941495047e-05,1.6260162893323982e-05,0.016805742838665642,0.9829015742286036,1.6260162889709408e-05,1.6260162935478762e-05,1.6260162888800365e-05,1.6260162893422404e-05,1.6260163020326313e-05
51,2.2542831640218034e-05,2.2542831934609532e-05,2.2542831821975502e-05,2.2542831901840575e-05,0.1505527424437199,2.254283185095169e-05,2.254283190466497e-05,2.2542831847669677e-05,0.802428934025482,2.25428317374878e-05,2.2542831794909344e-05,2.2542831822992873e-05,2.25428318190759e-05,2.2542831714238346e-05,2.2542831921779212e-05,0.04663509538980066,2.2542831805169166e-05,2.254283176200797e-05,2.2542831796421907e-05,2.2542831921372328e-05
52,2.7578599452193273e-05,2.7578599691513417e-05,0.046576515818361454,2.7578599675077518e-05,0.5835793943388893,2.7578599622677038e-05,2.7578599680121786e-05,2.7578599650647977e-05,2.757859968295548e-05,0.024505279708652267,2.7578599736025178e-05,0.015858163003063943,0.05753148910547076,2.75785995267448e-05,2.757859957692516e-05,0.0687282413276349,0.04927581578206148,2.757859967501373e-05,0.13177706861295777,0.02186466770693816
53,6.0532688418437106e-05,0.021449771506726757,0.08609242416128518,6.053268931391376e-05,6.053268877816029e-05,6.0532689101938674e-05,6.053268942467431e-05,0.8423509614101828,6.053268886186655e-05,6.05326889363282e-05,6.05326884713259e-05,6.0532688937695604e-05,6.053268910367577e-05,6.053268885158302e-05,6.053268880888189e-05,6.053268885397516e-05,6.0532689132657015e-05,0.04913831989867473,6.0532688822478754e-05,6.0532689312915906e-05
54,3.4650035574229335e-05,3.465003536531587e-05,3.4650035379549424e-05,3.4650035565162084e-05,0.07005271968658609,0.06071907608484367,3.4650035453739766e-05,0.08269202196258678,0.02256847730827297,3.4650035423925724e-05,0.6186025824873215,3.4650035363523154e-05,0.03826243376200738,3.4650035261223075e-05,3.465003550045081e-05,3.4650035405308265e-05,3.465003541144079e-05,3.465003550428116e-05,0.06236698961722826,0.04431989866594518
55,2.4260068426588924e-05,2.4260068457974452e-05,2.426006844773158e-05,2.426006851967009e-05,0.10515205551817211,0.6794461809024097,0.10540855618310392,2.426006846661045e-05,0.01168068026862725,2.4260068296363127e-05,2.42600683104323e-05,0.060727726775177744,2.4260068492424892e-05,2.426006849006574e-05,2.4260068510388922e-05,2.4260068695630955e-05,0.03724515939421414,2.4260068403691536e-05,2.426006837954279e-05,2.426006839790397e-05
56,0.07090033168823694,0.18313140366018021,0.19014720398481708,2.5125628722186287e-05,0.39317425026784164,2.512562863782663e-05,2.512562881257332e-05,0.03506993911224493,2.5125628586893888e-05,2.5125628740349905e-05,0.019083818238734396,2.512562870695972e-05,0.05934736870873422,2.5125628795669153e-05,0.02047464697641181,2.5125628610177248e-05,2.5125628811411118e-05,0.028394655446929918,2.5125628680465187e-05,2.5125628764352166e-05
57,2.8636884877472682e-05,0.15156680480323179,0.1364931837020038,2.8636885022955876e-05,0.030173968411897855,2.8636885004628214e-05,2.863688485148292e-05,0.30586773000928213,0.10063362692906463,2.863688463148683e-05,2.8636884852018454e-05,2.8636885083413185e-05,0.037041478981343384,2.8636884715115223e-05,2.8636884927463553e-05,2.863688491269621e-05,2.8636885059745946e-05,0.01512340034851794,0.1888935502199474,0.033891250860772486
58,2.4236549121044232e-05,2.4236549391223463e-05,2.423654917285425e-05,0.046165726100222564,2.4236549341645157e-05,0.11132505521714671,0.09218303827166953,0.024667315380734002,2.4236549270693598e-05,2.4236549072260735e-05,2.4236549165093364e-05,2.423654935992773e-05,0.7252953167914337,2.423654915435302e-05,2.4236549377399055e-05,2.423654932673966e-05,2.4236549248785365e-05,2.4236549278822177e-05,2.4236549330447307e-05,2.4236549182332686e-05
59,0.007094983398159952,3.0138638518262916e-05,3.0138638460279005e-05,3.013863843845163e-05,3.0138638476694442e-05,3.0138638488905686e-05,3.013863837975589e-05,0.01998600891719986,0.021089665192008385,3.0138638280559606e-05,3.0138638341710195e-05,3.0138638470009943e-05,0.070860456745981,0.024928636977827292,3.013863880628192e-05,0.24389541412509802,0.5088347667408917,3.0138638321882698e-05,0.10294840424135634,3.0138638494606977e-05
60,0.10416872442605246,2.585315463190397e-05,2.585315449791641e-05,2.58531546362192e-05,0.060889348809567596,0.07754157827017673,2.5853154657149488e-05,0.062225511991180996,0.008305224846133975,2.585315483581178e-05,2.5853154603887602e-05,2.5853154650559426e-05,2.585315477014927e-05,2.585315451322031e-05,2.5853154675509513e-05,2.585315466683035e-05,0.15709368622112746,0.5294398344254924,2.585315459978099e-05,2.5853154529570422e-05
61,2.1533161520853708e-05,2.153316162274986e-05,0.017645444904921623,0.14878679530202807,2.1533161619817154e-05,0.32301400948016584,0.039680232950873834,2.1533161569439497e-05,2.153316161970976e-05,2.1533161479985147e-05,2.1533161436267727e-05,0.12826127793755052,2.153316161899668e-05,0.0034818796910094326,2.1533161600681562e-05,0.045857977793930964,0.031456686368151944,0.020264432696801383,0.2413359312588439,2.1533161634056476e-05
62,1.5394088923675964e-05,1.539408895331792e-05,1.539408890558071e-05,1.539408900925726e-05,1.5394088988329376e-05,1.5394088920180398e-05,1.5394088995126774e-05,1.5394088940973725e-05,1.539408897910019e-05,1.539408888864407e-05,1.5394088860511213e-05,1.539408901305845e-05,1.5394088968332337e-05,0.011335257463336785,1.5394089005830537e-05,1.539408891007098e-05,0.9883876489354152,1.539408899119731e-05,1.5394088952929578e-05,1.5394089041897264e-05
63,0.010973127357415093,6.934812918154163e-05,6.934812882432083e-05,0.05397923298732512,6.934812909110785e-05,0.05096366025155368,0.10376880146598091,6.934812956904897e-05,6.934812887357006e-05,6.934812894300437e-05,6.934812993680655e-05,0.5457158610111164,0.04834983337948831,0.01280049919504543,6.934812894860677e-05,6.934812977772966e-05,0.01650772522221356,0.15617842970880605,6.934812899296736e-05,6.934812891679253e-05
64,0.001698012123661991,1.6458196628065352e-05,0.11459422299114182,1.6458196522486453e-05,0.03298361560777905,1.645819659999302e-05,1.6458196557187214e-05,1.645819647546433e-05,0.01540751275794794,1.645819658015163e-05,1.6458196514368354e-05,0.19484699919588488,0.11294447541485611,0.0018597491794053599,1.645819654509166e-05,1.6458196554885792e-05,0.09536125954997489,0.3742921748987038,0.05584739631506489,1.645819660166033e-05
65,3.909304195254482e-05,3.909304222768668e-05,3.909304242435328e-05,3.9093042331707014e-05,0.30521709121124246,3.9093042199613534e-05,3.909304242438249e-05,3.909304235230245e-05,3.909304219787597e-05,0.008935655767856631,3.90930422756066e-05,0.15381422670218778,3.9093042341950414e-05,3.90930422352605e-05,3.909304210274015e-05,3.909304238420269e-05,0.03844349843570996,0.4425877474742081,3.909304227807735e-05,0.050454477817066835
66,4.088307553201995e-05,4.088307508558782e-05,4.0883075963272004e-05,4.0883075308349707e-05,0.08384379105368914,0.5265050090073743,0.3408698704813626,4.088307524839802e-05,4.088307554184794e-05,0.019276198057447687,4.0883075348147766e-05,4.088307522084047e-05,4.088307535640128e-05,0.028891885269199297,4.088307544775044e-05,4.088307511551007e-05,4.08830755381373e-05,4.0883075282545234e-05,4.08830755868996e-05,4.088307535132784e-05
67,2.263467652395629e-05,2.263467674446511e-05,2.2634676851023587e-05,2.2634676864076686e-05,2.2634676778015764e-05,2.2634676823217003e-05,2.263467681263425e-05,0.03756379408556721,2.2634676756687423e-05,2.2634676681423498e-05,2.2634676833884336e-05,0.19126092561520996,2.2634676837773193e-05,2.2634676833556863e-05,2.2634676736238835e-05,2.2634676791203264e-05,2.2634676899053553e-05,0.7707904907937335,2.2634676844948687e-05,2.263467687688929e-05
68,2.1853147046680847e-05,2.1853147458694864e-05,2.1853147364507484e-05,2.185314717442877e-05,0.21715602112142454,2.1853147289586143e-05,2.1853147249094305e-05,2.1853147127647754e-05,2.1853147293925956e-05,2.1853147178174388e-05,2.185314721343606e-05,0.7824506222280369,2.1853147256819222e-05,2.1853147391702785e-05,2.185314740417236e-05,2.1853147198238786e-05,2.1853147277665916e-05,2.185314718778044e-05,2.1853147219279816e-05,2.1853147206749027e-05
69,0.009997222401584639,4.314063970470445e-05,4.314063949582497e-05,4.314063958576867e-05,0.12366093500667155,4.3140639393053786e-05,4.3140639290134926e-05,4.3140639396064385e-05,4.31406394650899e-05,4.31406391760504e-05,4.3140639109476594e-05,0.2505505247742798,0.011638338914733315,0.023012530724271046,4.314063912232373e-05,0.45098266032423795,0.10336255937552027,4.314063934574569e-05,0.026277540806233634,4.3140639383509215e-05
70,5.7012544011744095e-05,5.7012544114342594e-05,0.0479509201798347,0.10291063497663407,5.7012544123768946e-05,5.701254402628164e-05,0.08271769150306131,5.70125442201269e-05,5.7012543824208534e-05,5.701254352388876e-05,5.701254393446171e-05,0.3963608077583554,5.7012544056291604e-05,5.701254379079106e-05,0.07816328692192741,5.701254393615149e-05,0.27731966411709214,5.7012544151088123e-05,5.701254374062164e-05,0.013835831471641358
71,2.2552999857694225e-05,0.005184153897422868,0.015519948345090257,2.2553000185849575e-05,2.255300013971043e-05,0.01452326313330161,0.0351841400573933,2.255299999205031e-05,0.023504075223163303,2.255299991159013e-05,2.2552999851520626e-05,0.09176603485210137,0.07816134323516061,0.6809511768088321,2.2552999866097175e-05,0.006054840203915636,2.2553000102011047e-05,0.04892549424356804,2.255300011621809e-05,2.2553000028268965e-05
72,2.121340711930356e-05,2.121340721002245e-05,2.1213407190474418e-05,2.1213407212402607e-05,2.121340726037892e-05,2.1213407232819662e-05,2.1213407312601072e-05,2.1213407135971172e-05,2.1213407195534562e-05,2.121340712659999e-05,2.1213407245115795e-05,2.1213407223112058e-05,2.1213407280751054e-05,2.121340718172324e-05,2.1213407160197995e-05,0.9995969452629248,2.121340723457069e-05,2.121340728005145e-05,2.121340726353551e-05,2.1213407209898584e-05
73,5.235602167426108e-05,5.235602245572677e-05,5.235602235515849e-05,5.23560218916451e-05,0.026266537419440752,5.2356021844876715e-05,5.2356022025640316e-05,5.2356022120645076e-05,0.0348654271329985,5.235602210853338e-05,0.012056667081337555,0.10165698720839086,0.044076596935173705,5.235602204429648e-05,5.2356022856099674e-05,5.235602182798632e-05,0.5904386156101877,0.1299930618738425,0.02030367030339966,0.03976652019202378
74,4.436557263893334e-05,4.436557342563888e-05,0.039634991645595516,4.436557348441071e-05,4.4365573351783144e-05,0.02727928932026737,4.436557339876742e-05,4.436557320792674e-05,4.436557382381351e-05,4.4365573136471496e-05,4.4365573016315244e-05,0.1749949932146673,0.5908176189349681,4.4365573342122666e-05,4.436557332745483e-05,4.4365573365328136e-05,0.16660762328479897,4.4365573251643115e-05,4.436557342574502e-05,4.436557350647875e-05
75,2.652519929810806e-05,2.652519955204376e-05,2.6525199626018635e-05,2.652519946051123e-05,2.652519961544057e-05,2.652519948451365e-05,0.9211223708287055,2.6525199445608975e-05,2.652519953267158e-05,2.6525199290704908e-05,2.652519959968569e-05,2.652519963226233e-05,2.6525199584723122e-05,2.6525199452759736e-05,2.6525199418985944e-05,2.6525199508534975e-05,2.6525199517767143e-05,2.65251994250213e-05,2.6525199505997732e-05,0.07840017558034323
76,8.996041869569254e-06,8.99604190183978e-06,0.9998290752039375,8.99604189648437e-06,8.996041917078175e-06,8.996041906896418e-06,8.996041899325436e-06,8.99604188654535e-06,8.996041898760806e-06,8.996041917343423e-06,8.996041919766578e-06,8.99604188496493e-06,8.99604189118735e-06,8.996041873327402e-06,8.996041922096848e-06,8.996041882776013e-06,8.996041890688521e-06,8.996041879372815e-06,8.996041886237185e-06,8.996041938278057e-06
77,0.026975548730854015,2.0391517622636812e-05,2.0391517598559172e-05,2.0391517686173157e-05,0.1238807042084987,0.0759644760419781,2.0391517637845804e-05,2.039151763261726e-05,2.0391517648199914e-05,0.009592673376994,2.0391517673705977e-05,2.0391517600117276e-05,2.039151765507216e-05,0.020337924120245664,2.0391517595639453e-05,2.03915175320855e-05,0.05071912944019051,0.6922644543521262,2.039151768357175e-05,2.0391517546823294e-05
78,0.13105660285184575,2.5087807679268856e-05,2.5087808138289075e-05,2.5087807851035195e-05,0.17601427467028397,0.5294619498125029,0.06866314110683563,0.027036109023203258,0.021364662062273505,2.508780789466665e-05,2.5087807914521822e-05,2.5087807842875093e-05,2.5087807912191505e-05,2.50878077495469e-05,2.5087808091479757e-05,2.50878078560426e-05,0.04462729785170963,2.508780791426132e-05,0.0014749089266697202,2.508780783125612e-05
79,1.7349063473407685e-05,1.734906338485898e-05,1.734906340100952e-05,1.7349063330178534e-05,1.734906345430003e-05,1.7349063344336184e-05,1.7349063370295596e-05,1.7349063369792144e-05,1.7349063405808787e-05,1.7349063620368494e-05,0.9996703677954452,1.7349063417022914e-05,1.7349063408921583e-05,1.7349063323198894e-05,1.7349063379512328e-05,1.7349063386144996e-05,1.734906337883422e-05,1.7349063368315694e-05,1.734906336543701e-05,1.7349063372974274e-05
80,0.06674207925269902,2.0008003654291593e-05,2.00080036223394e-05,2.0008003734116178e-05,2.0008003708335436e-05,2.0008003740565382e-05,2.0008003607825612e-05,0.5996199147003255,2.00080037055125e-05,2.0008007511775434e-05,0.013605300485460391,0.08084699503449386,2.0008003634795222e-05,2.00080035376819e-05,0.043405104098191274,2.000800370371144e-05,2.0008003737812928e-05,0.05759602831615481,0.12246895611651082,0.015475525948265534
81,0.02680106164661261,1.8443379180187126e-05,1.8443379133467926e-05,1.844337913961425e-05,1.8443379106759077e-05,1.8443379193713944e-05,1.844337909916276e-05,1.8443379243131368e-05,1.8443379157873815e-05,1.844337914771644e-05,1.844337917888162e-05,1.8443379155739966e-05,1.8443379175714935e-05,1.8443379149350932e-05,1.8443379108853542e-05,1.844337916886362e-05,1.8443379150785617e-05,1.844337935523189e-05,0.9728669575283567,1.844337918548413e-05
82,9.402030984778883e-06,9.402031059906877e-06,0.12511372032814597,9.402031037130234e-06,9.402031047754227e-06,0.01292895025821208,0.06445868064812887,9.402031010033277e-06,9.402031004078749e-06,9.40203096415209e-06,9.402030982903757e-06,9.402031073715348e-06,9.402031050202461e-06,9.402031087570709e-06,9.402031043331575e-06,9.402031054145018e-06,9.40203105110014e-06,0.7465243796010345,9.402031086402753e-06,0.050833238698941526
83,3.097893478886949e-05,0.0678883685326458,0.011148066504991512,0.025553472680557413,0.08615790457858101,0.14224919367826674,0.45476824334099747,0.02739956836869596,3.09789349371359e-05,3.0978934893031765e-05,3.097893489818775e-05,3.097893492336317e-05,3.0978935030062966e-05,3.09789351445035e-05,3.0978935078115044e-05,0.07573785480037766,3.097893510478718e-05,0.08982148727456193,3.097893507126462e-05,0.018966050890455246
84,0.01287291694314471,3.180661614885758e-05,3.1806616604709566e-05,0.045047321584715104,3.180661654346929e-05,0.03595166952745547,3.180661653001519e-05,3.1806616619463226e-05,0.02117537336181806,3.180661657943174e-05,3.1806616656688264e-05,0.00828538359164886,0.08753437054923933,3.1806616467513254e-05,3.18066164407954e-05,0.03378430164237773,0.5935289520168686,3.1806616496131136e-05,0.15814745444392297,0.003354190173722081
85,5.417118149433899e-05,5.417118184944221e-05,5.4171182105931456e-05,5.417118206386619e-05,5.417118248751123e-05,0.22092842112677302,0.3891221667385923,0.017286720594202023,5.417118205858904e-05,5.417118168263119e-05,5.4171182858105557e-05,5.4171182303924276e-05,0.3717959526255546,5.417118243154781e-05,5.417118266499702e-05,5.417118234792239e-05,5.417118243118659e-05,5.417118225898657e-05,5.417118215270355e-05,5.417118168635474e-05
86,3.491620193067537e-05,3.4916202142610494e-05,0.03467678660863827,3.4916202006244295e-05,0.17553032449569114,0.1028271857952011,0.18523594637864246,3.491620184789954e-05,0.03521479486154209,0.03772795721160939,3.491620198508923e-05,3.491620186932508e-05,3.491620190644336e-05,3.491620195607318e-05,3.49162018987348e-05,3.491620199477069e-05,3.491620202911776e-05,3.49162019578454e-05,0.42833309402328856,3.491620186212253e-05
87,2.0169423599367845e-05,2.016942349395217e-05,0.11543381520375627,2.0169423632457198e-05,2.0169423672490926e-05,2.016942355593832e-05,2.0169423572886692e-05,2.0169423544199373e-05,2.016942356603225e-05,0.06603547829365848,2.0169423639841356e-05,0.07945544379563968,0.03961236012406278,2.016942346988571e-05,2.0169423531275985e-05,2.0169423647690984e-05,0.14868976948492965,2.0169423545569557e-05,0.5504907611680364,2.0169423445149722e-05
88,0.02257937819023906,1.923076964008832e-05,1.9230769781908064e-05,1.9230769600711257e-05,0.9264044709199213,1.9230769771321725e-05,1.9230769561004667e-05,1.9230769798776048e-05,0.020049637727008646,1.923076983565969e-05,1.923076969665955e-05,1.9230769587746646e-05,1.9230769655803087e-05,1.923076969215939e-05,1.923076971911797e-05,0.009546419649708364,1.9230769651517547e-05,1.9230769803424592e-05,1.9230769731731164e-05,0.021131631967595075
89,1.9275250791273993e-05,1.9275250921070635e-05,1.92752508731781e-05,0.9996337702325188,1.927525093795075e-05,1.927525094752541e-05,1.9275250959573263e-05,1.9275250889831504e-05,1.9275250883893946e-05,1.927525096697652e-05,1.9275250897578014e-05,1.9275250989565287e-05,1.927525100128921e-05,1.9275250806470845e-05,1.927525085474897e-05,1.927525094716072e-05,1.927525097244136e-05,1.9275250914183027e-05,1.9275251051843174e-05,1.9275250874360813e-05
90,0.09435494900856577,2.3992322916422118e-05,0.016041955987706698,2.399232291490702e-05,0.2546607988427578,0.1265770457461953,2.399232306678551e-05,0.01976003786193737,2.3992323106260788e-05,2.399232304386885e-05,0.03241911908957306,2.399232296659481e-05,0.3390264651618495,2.3992323110749084e-05,0.06304766892513594,2.3992323003175432e-05,0.036016158852357906,2.3992322900433622e-05,0.017855877293893527,2.3992322998036388e-05
