doc_id,T00,T01,T02,T03,T04,T05,T06,T07,T08,T09,T10,T11,T12,T13,T14,T15,T16,T17,T18,T19
0,3.536067960853084e-05,3.536067954922198e-05,0.2540790876467256,3.536067948892857e-05,3.536067971434105e-05,0.04499934324237215,3.536067973658085e-05,3.5360679804751276e-05,3.536067965819006e-05,3.536067972662481e-05,3.536067966971962e-05,0.5639487571211362,0.0753413514000585,0.0329738169629884,0.028162594111318932,3.536067952955505e-05,3.536067993806514e-05,3.5360679540949377e-05,3.536067971836293e-05,3.536067971634065e-05
1,1.6677785563831775e-05,1.667778542937058e-05,1.667778552881983e-05,1.6677785432830526e-05,1.6677785502876153e-05,1.6677785460088965e-05,1.667778545133775e-05,1.6677785488293617e-05,1.6677785481919464e-05,1.6677785559812915e-05,1.667778541298142e-05,1.6677785497842545e-05,1.6677785537028064e-05,1.6677785478328308e-05,1.6677785427459656e-05,1.6677785458617482e-05,0.9996831220756691,1.6677785606271598e-05,1.667778550907879e-05,1.6677785504132787e-05
2,3.3003301224721275e-05,3.300330100616756e-05,3.3003300956098004e-05,3.3003301165068025e-05,3.300330103461949e-05,3.300330085014491e-05,3.300330099037688e-05,0.04271385135323877,3.300330105086827e-05,3.3003300998849606e-05,0.015229617932055742,3.3003300968937505e-05,0.08932186498153413,0.015405994878078448,3.3003301153613266e-05,3.300330117793247e-05,0.7082499857945304,0.08893852747305299,0.039711114673762545,3.300330116954797e-05
3,2.934272352219595e-05,2.9342723471650136e-05,2.9342723595857428e-05,2.9342723722396476e-05,2.934272367392869e-05,2.9342723697397275e-05,2.934272361199764e-05,2.93427236668379e-05,2.9342723994298457e-05,2.934272333619758e-05,2.9342723974311197e-05,2.9342723545199556e-05,2.9342723574125138e-05,2.93427237759158e-05,2.9342723634117273e-05,0.5834702624121268,0.416001568562144,2.934272365359211e-05,2.934272364698646e-05,2.934272363204017e-05
4,0.038965530542539456,5.834305841576006e-05,5.834305840389537e-05,5.834305832257384e-05,0.22005284495362484,5.834305870146633e-05,5.8343058442592786e-05,5.8343058582684324e-05,0.038872577013904945,5.834305820579116e-05,0.12281512268479675,5.8343058366155144e-05,0.04766421700627994,5.8343058488538225e-05,0.12791807499187485,0.37649091453968714,5.8343058775671294e-05,5.834305850958594e-05,0.0265206015654466,5.834305863073904e-05
5,1.9817677634647807e-05,1.9817677725478697e-05,1.9817677639075034e-05,0.9996234641236501,1.9817677850053886e-05,1.981767762995842e-05,1.981767774935756e-05,1.981767766313244e-05,1.9817677650214517e-05,1.9817677781163852e-05,1.9817677765220134e-05,1.981767771839777e-05,1.9817677664270358e-05,1.9817677714984907e-05,1.9817677825655718e-05,1.9817677662356077e-05,1.9817677677120265e-05,1.981767759008669e-05,1.9817677699495517e-05,1.9817677709342685e-05
6,3.958828282237423e-05,0.05214643915789584,3.9588282770609656e-05,3.958828294130945e-05,0.05302108131902088,3.958828285637541e-05,0.06653120361930719,0.07938293619165619,3.958828274636781e-05,0.013504694260942812,0.015956002763107224,0.048948483418398546,0.3390696313649103,3.958828271200932e-05,0.3310040567940178,3.95882827969451e-05,3.958828277531184e-05,3.958828270602013e-05,3.958828273536785e-05,3.9588282880698535e-05
7,0.02184747892188776,2.812148548824531e-05,2.8121485320655402e-05,2.812148546331322e-05,2.812148540471333e-05,2.8121485459999176e-05,2.812148528993828e-05,2.8121485262895402e-05,2.812148534283043e-05,2.8121485339394325e-05,2.812148550105195e-05,2.8121485502869563e-05,0.02818526286521664,0.8334352315706068,2.812148541634644e-05,2.8121485458083974e-05,0.03767145217337484,0.01355387100950583,0.06491300266369698,2.812148546064048e-05
8,0.07698159475882345,4.7080980560550396e-05,0.4118045534941471,4.708098016107851e-05,0.01697590561464429,0.0312597963465313,4.7080980423662947e-05,4.708098041627544e-05,0.00720051012805763,4.7080980127245224e-05,4.708098056850987e-05,0.024034684823728454,0.023970597011863957,4.7080980268681274e-05,4.708098030270958e-05,0.18543985584849726,0.052314346017098376,0.007572968950723866,0.16202145818285188,4.7080980203708324e-05
9,3.7936268013967096e-05,3.793626777345831e-05,0.15001018971228153,3.793626786449106e-05,3.7936267822292187e-05,3.793626781259212e-05,0.028535445455455034,3.7936267830246585e-05,3.793626779352436e-05,3.793626797275842e-05,3.7936267514770946e-05,0.14622431438245892,0.4488864804832459,3.793626808049573e-05,3.793626805358746e-05,3.7936267985325e-05,0.05339644004543829,3.7936267735872546e-05,0.07812708774930505,0.09432687068956185
10,2.5720165208178983e-05,2.572016515769892e-05,2.5720165167244506e-05,2.572016524431505e-05,0.09289739053264723,2.572016528341154e-05,0.6543729656307381,2.5720165227138376e-05,2.5720165103503935e-05,2.5720165175235964e-05,2.5720165173704468e-05,2.572016523865427e-05,0.20503560832067733,2.572016516857671e-05,2.572016524682314e-05,2.5720165172773216e-05,2.5720165186677465e-05,2.572016509476611e-05,2.572016511652944e-05,0.047282512872972055
11,3.448275959716523e-05,3.4482759158386334e-05,3.4482759433231036e-05,0.011140810796236052,3.448275923979178e-05,3.448275910865552e-05,3.4482759161689824e-05,3.448275993319144e-05,0.9882384995362252,3.448275928049873e-05,3.448275918320431e-05,3.448275920838522e-05,3.448275931067774e-05,3.4482759400379554e-05,3.448275917218134e-05,3.4482759391084425e-05,3.448275925562846e-05,3.448275930807271e-05,3.448275918039964e-05,3.448275921617263e-05
12,0.016590879795003427,0.02019807825552841,1.661129606474112e-05,1.6611296125064473e-05,0.03455779189062784,1.661129605992825e-05,0.046395696698516904,1.6611296132080525e-05,0.006261034507737485,1.6611296102015632e-05,0.00814976700733715,1.6611296064467475e-05,0.05833957280161776,0.03819946869785293,0.7561739432273339,1.661129611703719e-05,1.6611296086404784e-05,1.66112961232208e-05,1.6611296130601286e-05,0.014967654157438781
13,2.1561018240881223e-05,2.156101803730469e-05,0.12487173680899752,2.156101808557282e-05,2.1561018113955928e-05,2.1561018225959983e-05,2.1561018071331848e-05,2.1561018248010378e-05,2.1561018082731963e-05,2.1561018086434845e-05,2.1561018046467538e-05,0.8353048184348868,2.156101822685072e-05,2.156101813103365e-05,2.1561018193822482e-05,2.1561018225669847e-05,2.1561018183086688e-05,2.1561018190424264e-05,0.039456907447602454,2.156101812389356e-05
14,0.010773528997444376,1.1039964980031068e-05,1.1039964887358965e-05,1.103996501012514e-05,0.6546974609734403,1.103996495818068e-05,0.0943129917936722,1.1039964936930811e-05,1.1039964941370567e-05,1.103996490639447e-05,1.1039964963708186e-05,0.027704251026449654,1.1039964944452191e-05,0.05203198189200896,1.1039964920480849e-05,0.018940977860286645,1.1039964936213266e-05,1.1039964821626427e-05,0.1344346833792995,0.006971644498191398
15,2.888503821425961e-05,2.8885038141714212e-05,2.8885038284360446e-05,2.8885038503386195e-05,2.8885038340366305e-05,0.017465766144593598,2.888503840732161e-05,0.01902490996212218,0.043620600014334085,0.05083523922446219,2.888503812335537e-05,0.13453561018234858,0.22212182278760595,2.8885038109020102e-05,0.42002898659593857,0.043103128482895596,2.8885038189094375e-05,2.8885038229606972e-05,0.04894620118482921,2.8885038327652557e-05
16,6.729475284443033e-05,0.06403133042881015,6.729475276664871e-05,6.729475249942857e-05,0.018545715741788715,6.729475238058489e-05,0.09089706366697123,6.729475279686663e-05,0.039211172229226786,0.11012784443793158,6.72947524322011e-05,0.04743227451500257,0.14896546122666937,6.729475243874381e-05,0.3705608845443535,0.05776318410572565,0.01908100554088298,6.729475201676549e-05,0.032778410789721796,6.729475273976942e-05
17,2.648305130517859e-05,0.3293591706856963,0.008187614398009632,0.009191372894990252,0.008634074019951268,2.6483051466331085e-05,2.6483051592324905e-05,2.6483051381745952e-05,2.648305143594252e-05,2.6483051301810314e-05,2.6483051282775627e-05,2.648305151849958e-05,0.13199111504988678,2.648305149697752e-05,0.14485340766783025,0.10563521177917526,0.0851435633668414,2.648305130518174e-05,2.6483051410196362e-05,0.17671315657212175
18,3.4843206397621594e-05,3.484320645158808e-05,0.01265049223288689,3.484320658852639e-05,3.484320657705213e-05,0.18261639300197266,3.4843206803139085e-05,3.484320636378374e-05,3.484320652044186e-05,3.48432064442263e-05,3.484320624721459e-05,0.016556399873475035,0.1951906151761731,0.056573788659863296,0.0363617163320591,0.018317875503054207,0.0377475624052734,0.43174866941275664,3.484320639756613e-05,0.011888055337694504
19,0.39058428433575737,3.306878382511069e-05,0.09581036308274002,3.3068783681558404e-05,0.028562349110697622,0.03871704428037407,3.306878378547692e-05,3.30687838406119e-05,3.3068783750995455e-05,3.3068783978980193e-05,3.306878376009824e-05,3.306878389974327e-05,0.16188015606450407,0.18919904833966616,0.04195997051361702,3.3068783724899285e-05,0.028384159004553957,0.024538868645972416,3.306878405504426e-05,3.306878381478194e-05
20,0.011565553858952284,2.9744200535943345e-05,2.9744200412195376e-05,2.9744200534515075e-05,2.9744200648432563e-05,0.004721278545305803,2.974420039752046e-05,2.9744200503866804e-05,0.2393352267031401,2.9744200325745892e-05,2.9744200444693363e-05,2.974420043330941e-05,2.9744200468758166e-05,0.10273250882516938,2.9744200427832343e-05,2.9744200458574963e-05,0.3685394541806431,0.272689559079834,2.9744200669913014e-05,2.974420069411735e-05
21,1.5683814604917875e-05,1.568381451379706e-05,1.568381454825609e-05,1.568381454117138e-05,1.5683814558937854e-05,1.568381453828576e-05,1.5683814596078754e-05,1.56838145651658e-05,1.568381456859355e-05,1.568381452160344e-05,1.568381459986992e-05,1.568381459122809e-05,1.5683814558487144e-05,1.5683814590155927e-05,1.568381455620639e-05,1.568381452751901e-05,1.5683814616790292e-05,0.9997020075232504,1.56838145960257e-05,1.5683814556425263e-05
22,0.18610313277005,1.928268451266265e-05,0.06039210615827566,1.9282684681650053e-05,1.9282684559827992e-05,1.928268462650958e-05,0.014674020074675213,1.9282684489426012e-05,0.00681828584392138,1.9282684720735124e-05,0.02771327546162986,1.928268454692813e-05,1.9282684563676774e-05,1.9282684586380408e-05,1.9282684672433535e-05,1.9282684536190426e-05,0.4544482751887012,0.16587889141060097,1.9282684636887157e-05,0.08374062087701242
23,0.07696319052298849,1.8288222690512096e-05,1.8288222734423446e-05,1.8288222763463165e-05,1.8288222843304717e-05,1.828822275813201e-05,0.5099705009960314,1.828822273748498e-05,1.8288222709020047e-05,1.8288222766106216e-05,1.8288222900866637e-05,1.8288222705737808e-05,1.8288222790906148e-05,0.34940266180392765,0.06337103511321425,1.8288222752528833e-05,1.828822267346659e-05,1.8288222643298334e-05,1.82882226894904e-05,1.828822267965713e-05
24,3.130870454680533e-05,3.130870446512836e-05,3.130870447091202e-05,3.1308704292943294e-05,3.1308704348578295e-05,3.130870455365655e-05,3.1308704573907646e-05,3.1308704530422824e-05,3.130870435291589e-05,3.1308704459261106e-05,3.130870461985443e-05,3.130870451909255e-05,0.9994051346152283,3.130870451655667e-05,3.130870440029567e-05,3.1308704458750054e-05,3.1308704312295544e-05,3.130870450941109e-05,3.130870433687803e-05,3.130870450398435e-05
25,3.229974215639026e-05,3.229974226525313e-05,3.229974218404527e-05,3.229974212408365e-05,3.229974216282894e-05,0.13302549333974267,3.229974206221315e-05,3.229974231958712e-05,3.229974255520537e-05,3.229974214021662e-05,3.2299742079323084e-05,0.09158313989047302,3.2299742400918183e-05,0.6503487760125098,3.2299742150976196e-05,3.229974227365115e-05,3.2299742369611114e-05,0.08079494913691865,3.2299742396591925e-05,0.043763145486714956
26,0.0017543619300054785,2.2232103602522618e-05,0.41916373776906474,2.2232103589490223e-05,0.11485697837713496,0.02256107940549296,0.07763544541655468,2.2232103517112796e-05,2.2232103656263738e-05,2.2232103997331112e-05,2.2232103477365406e-05,0.051719390276975655,2.2232103582072322e-05,2.2232103637769468e-05,2.2232103470708808e-05,2.223210369461111e-05,0.31201998947760823,2.2232103618606046e-05,2.2232103767419438e-05,2.223210355164847e-05
27,0.021229736966559044,3.501400633564058e-05,0.42668364662103614,3.501400633270737e-05,3.5014006612660717e-05,3.5014006272724873e-05,3.50140064584983e-05,3.501400654379239e-05,0.3010550115230469,3.5014006442415836e-05,0.06037859203797328,0.05139013506312842,0.05548134608280128,0.02620588682821923,0.011891771772485396,3.501400632757778e-05,3.501400623737559e-05,0.0452987190347269,3.501400635854013e-05,3.501400610162397e-05
28,2.3430178697464697e-05,0.022544011010707056,2.343017860888799e-05,2.3430178541834282e-05,0.11146416263521347,2.3430178499787817e-05,0.03501524130829647,2.3430178590645806e-05,2.3430178547677617e-05,0.05016399534859837,2.343017856690006e-05,2.3430178646949082e-05,0.130673342472565,2.343017856152577e-05,0.347325321377596,0.25441103065664783,2.3430178585387215e-05,2.343017850715798e-05,2.343017858526659e-05,0.04812173304743634
29,2.1929825012655404e-05,0.1074877609070218,0.6694600035538386,2.1929825036442264e-05,2.192982516759177e-05,2.1929825053569575e-05,2.192982501736628e-05,2.1929825019577242e-05,0.0712965855159455,2.1929825140963216e-05,0.011041714640390039,2.1929824921131685e-05,2.1929825097855266e-05,2.192982513400841e-05,2.1929825079960256e-05,2.1929825047013937e-05,0.10200972146780825,2.1929825019008652e-05,0.03839719636408912,2.1929825159697257e-05
30,1.8789928915166093e-05,1.8789928909982164e-05,1.8789928938323713e-05,1.878992891392392e-05,1.8789928901426758e-05,1.8789929027787736e-05,1.8789928894548217e-05,0.0007092718964893237,1.878992922062348e-05,1.8789928863711684e-05,0.9989525093829402,1.8789928839094037e-05,1.8789928936623765e-05,1.8789928925459895e-05,1.8789929057141043e-05,1.8789928819605263e-05,1.878992888153959e-05,1.878992882681151e-05,1.8789928788418014e-05,1.8789928910397166e-05
31,3.373819238448557e-05,0.15718936090657779,3.3738192358239676e-05,3.373819239228833e-05,0.06306208937267714,0.02047636858259667,3.373819237949447e-05,3.3738192373158217e-05,0.1358648740978375,0.014823087283288681,3.373819252225222e-05,3.37381923821985e-05,0.21942197097766808,0.0930241652396476,0.030368375554965986,3.373819228371461e-05,0.2017257147539192,3.373819224435469e-05,0.06370661130701186,3.373819248940094e-05
32,0.050064222179965714,2.898550786058032e-05,2.89855079455903e-05,2.898550788345875e-05,2.8985507890590486e-05,2.8985508046568734e-05,2.8985507859127397e-05,0.10249793010200461,2.8985507947627425e-05,2.898550772806422e-05,0.026186504216007777,2.8985507906404554e-05,0.6326252643971156,0.08697070781605769,2.898550799311616e-05,2.8985507957977358e-05,0.0703250898077354,2.8985507960813993e-05,2.8985507967388917e-05,0.030953469878166114
33,0.040479591089219856,0.05992260279780805,0.01697783761757923,2.863688489753614e-05,2.863688517995922e-05,2.863688486784649e-05,2.8636884849547903e-05,2.863688497828134e-05,2.8636885085582175e-05,2.863688491578333e-05,0.009280211024310118,2.863688473806535e-05,0.6740803778546451,0.027843983525899264,2.8636885018313072e-05,2.8636884821679872e-05,0.17104311658652246,2.8636884757377498e-05,2.8636884905533664e-05,2.863688500030439e-05
34,1.9334880525415258e-05,1.933488048037557e-05,1.9334880528676944e-05,1.9334880547153277e-05,1.9334880442543675e-05,1.9334880541941802e-05,1.9334880612194295e-05,1.9334880629399618e-05,0.16670852642217784,1.9334880584467993e-05,0.011868080109279498,1.933488058659163e-05,0.13546437265317124,0.5994335128976436,1.9334880588564545e-05,1.9334880541329245e-05,1.9334880618584203e-05,0.03576324581802073,1.9334880754271498e-05,0.050491573771725515
35,3.0959752837336395e-05,3.095975293449077e-05,3.095975275428792e-05,3.095975290775906e-05,3.095975300859992e-05,3.095975295167749e-05,3.0959752978400923e-05,3.095975297525254e-05,3.095975277462272e-05,3.095975311573198e-05,3.0959752876565195e-05,3.095975306930059e-05,0.9496834622813108,3.0959752897338136e-05,0.0497592621661948,3.0959752854496104e-05,3.095975289086373e-05,3.095975269143005e-05,3.0959752805960696e-05,3.095975317028331e-05
36,2.6301946881911706e-05,2.6301946838295486e-05,0.08045714087969644,2.6301946852894648e-05,2.63019468965564e-05,0.07893156865062241,2.630194700593491e-05,2.630194690528073e-05,2.6301946899774e-05,0.017753934226304554,2.6301946972749688e-05,0.5476241221286048,0.1822329906176926,2.630194696140775e-05,0.007333157440967387,2.630194698208114e-05,0.07974007854054385,0.005611384152405057,2.630194695563827e-05,2.630194701026257e-05
37,3.9062500680907486e-05,3.906250095297142e-05,0.11952602636687132,3.9062500741782396e-05,3.906250080524265e-05,3.906250075959377e-05,3.9062500931107467e-05,3.906250082006616e-05,3.906250082927069e-05,0.0032591235811557555,3.906250107440722e-05,0.7406121094568625,0.07923742965795585,3.9062500890653695e-05,3.906250081817664e-05,3.906250076083127e-05,0.05677937342460296,3.9062500649404325e-05,3.906250090296205e-05,3.90625009344029e-05
38,4.444444577868547e-05,4.444444546161469e-05,0.0689917637911394,0.10577484300164483,4.444444548166556e-05,4.444444545232171e-05,0.09089052570518852,4.444444541356782e-05,0.009117447896705863,4.444444580711438e-05,4.444444556701597e-05,4.4444445710678675e-05,0.19050904393801174,4.444444569904605e-05,4.444444546554273e-05,0.01827363552126157,0.5158649623535768,4.4444445474613676e-05,4.444444572868779e-05,4.444444543063768e-05
39,2.626050468454346e-05,2.6260504740686695e-05,2.626050497230276e-05,2.6260504683844306e-05,2.6260504890028775e-05,2.6260504658479318e-05,2.6260504793132092e-05,2.6260504622327e-05,0.935123172078528,2.6260504503214327e-05,2.6260504694896904e-05,2.626050463416243e-05,2.6260504721343485e-05,2.6260504758905957e-05,2.6260504706801986e-05,2.6260504835085684e-05,0.06440413883618006,2.6260504860885102e-05,2.6260504718852208e-05,2.626050481239131e-05
40,2.18531473688683e-05,2.1853147436555473e-05,0.31103464118833407,2.1853147247330583e-05,2.1853147261027732e-05,2.1853147358499503e-05,0.028636661016121903,2.1853147400839136e-05,2.1853147215767868e-05,0.02142404129763383,2.1853147408797932e-05,0.5041678239521938,2.1853147434654074e-05,2.185314741338722e-05,0.13440903533536486,2.1853147283535586e-05,2.1853147354825233e-05,2.185314726743765e-05,2.1853147239809414e-05,2.1853147659891132e-05
41,3.02663443778915e-05,0.01933766097370322,3.026634443215902e-05,3.0266344560355733e-05,3.0266344595779572e-05,0.018487844510119075,0.047356641303553215,3.0266344552142024e-05,0.5218716109795968,3.0266344695605712e-05,0.011101229889246436,3.0266344528024983e-05,0.13244261304256613,3.026634459844262e-05,3.0266344611177523e-05,3.0266344639842636e-05,0.14457297317861154,0.06574326502945686,3.0266344438760264e-05,0.038753231303116496
42,4.821600891777993e-05,4.821600835225789e-05,0.29157383579618257,4.8216008903503864e-05,0.06844763314655732,4.821600861841827e-05,4.8216008921370696e-05,4.821600872578176e-05,4.821600886629427e-05,4.8216008558547114e-05,4.821600845892827e-05,0.07921285798836053,0.17687670465883826,4.8216008899259266e-05,4.821600859107238e-05,4.821600894819037e-05,0.21456779810395882,4.821600904930234e-05,0.15453893881435116,0.014155423377940748
43,0.09973440938959038,0.011972896245241779,0.033020204637793885,5.1440330469894406e-05,0.015179598216375153,0.018055697349383993,5.14403304227526e-05,5.1440330295646454e-05,5.144033029085393e-05,0.015354006692896304,5.144033005208688e-05,5.1440330386062945e-05,0.17279326341624485,0.07104494932835716,0.03505659672884543,5.144033027169703e-05,0.5272739746919289,5.144033029532967e-05,5.144033049753541e-05,5.144033036032861e-05
44,2.9922202791593707e-05,2.9922202842035156e-05,2.9922202765582146e-05,2.9922202700893213e-05,2.9922202726919218e-05,2.9922202832591386e-05,2.992220268862168e-05,0.9994314781471377,2.992220277232541e-05,2.992220278319889e-05,2.9922202913516372e-05,2.9922203044037823e-05,2.9922202803482557e-05,2.9922202706627792e-05,2.9922202811763686e-05,2.9922202778085423e-05,2.9922202767275015e-05,2.992220269661289e-05,2.9922202730000792e-05,2.9922202707085346e-05
45,2.422480679863463e-05,0.024179342716909157,0.4325458528361438,2.422480665589035e-05,2.4224806670402385e-05,0.04021224006168502,2.4224806730029025e-05,2.4224806644863213e-05,2.422480668607169e-05,2.4224806742699232e-05,2.4224806630432083e-05,0.4813890687795503,2.4224806763583805e-05,2.422480679078126e-05,2.4224806888253828e-05,2.4224806667721848e-05,0.02131012350496455,2.4224806684031288e-05,2.4224806676417905e-05,2.422480671748112e-05
46,0.028202748272079584,0.02772941713120726,1.5365704067928812e-05,1.5365704046567946e-05,1.536570415559731e-05,0.011332015636661084,1.536570412437043e-05,0.031406951509337123,0.04410308034428226,0.0034049374140671484,0.019625903038083325,0.6823024700133422,0.1234469886422171,0.024228200367856882,0.004078996294205227,1.5365704018380278e-05,1.5365704059103552e-05,1.53657040708031e-05,1.536570407984817e-05,1.5365704038003775e-05
47,4.0322581236282714e-05,4.0322581346567685e-05,4.032258127384683e-05,0.9992338709553933,4.032258124291386e-05,4.032258138099228e-05,4.032258127696603e-05,4.0322581293454734e-05,4.032258154722986e-05,4.032258107757166e-05,4.032258150243037e-05,4.032258111213762e-05,4.032258137863237e-05,4.032258134401126e-05,4.03225812903632e-05,4.032258121842389e-05,4.0322581305279755e-05,4.032258122651301e-05,4.03225812151323e-05,4.032258133792743e-05
48,0.07006801538928613,1.5220700432199964e-05,0.03363761999192685,0.005265813986119973,0.19840955814659925,1.522070046505429e-05,0.09064663475102468,1.5220700412323812e-05,1.5220700467512408e-05,1.5220700591165785e-05,1.5220700427671294e-05,1.5220700458241872e-05,1.5220700451623617e-05,1.5220700491239183e-05,1.5220700490142218e-05,0.03608039367459978,0.010420023647032456,1.5220700463862706e-05,0.5552892920078116,1.5220700448201384e-05
49,0.2844671902234189,4.1666667868474626e-05,4.166666810557954e-05,4.166666762796981e-05,4.166666764788603e-05,4.1666667464034134e-05,4.166666738775767e-05,4.166666773860038e-05,4.1666667632238086e-05,4.1666667593708285e-05,4.166666841293562e-05,4.166666760215409e-05,0.48929146375201304,4.166666774609176e-05,0.06942674429224652,0.03479409656430176,0.07378110739989513,4.166666757118227e-05,0.04765606441998263,4.166666774336091e-05
50,1.6260162939869103e-05,0.051888990299099796,1.626016297158117e-05,0.333902928654986,0.34428060214909173,1.6260162926104726e-05,0.045310810932248265,1.6260162882434645e-05,1.626016302524252e-05,1.6260162903271635e-05,1.626016303556654e-05,0.0018564760855787211,0.028085289988268185,1.626016297690205e-05,1.6260162938049406e-05,0.019404118682445726,0.10256281066881223,0.027766948937514222,0.015331675722504193,0.029463006412851996
51,2.2542831775063517e-05,2.254283172597481e-05,2.2542831636229776e-05,2.2542831702429538e-05,2.2542831706088866e-05,2.2542831661133015e-05,2.2542831662788074e-05,2.2542831705648195e-05,2.2542831707602165e-05,2.254283172110941e-05,2.254283169583167e-05,2.2542831706577817e-05,2.254283177195219e-05,2.2542831755574e-05,2.2542831787490243e-05,2.2542831662869592e-05,2.2542831676967476e-05,2.254283167272361e-05,2.254283171919241e-05,0.9995716861975468
52,2.75785996784438e-05,0.04954474207321191,2.7578599611456796e-05,2.7578599539069536e-05,0.07655892687902412,2.7578599512542494e-05,2.757859974023826e-05,2.7578599658118516e-05,2.75785996920192e-05,2.7578599456144885e-05,0.07463913476416649,2.7578599633542875e-05,0.6557704749133179,2.7578599681427026e-05,0.10903122301778255,2.7578599864867112e-05,2.757859958715275e-05,2.757859955443002e-05,2.7578599761133186e-05,0.03406939795752644
53,6.0532688732520074e-05,6.053268866822774e-05,0.13274734193956625,6.053268891731451e-05,0.08729620132176256,6.053268910713426e-05,6.05326891115448e-05,6.053268927101316e-05,0.2745263594715092,6.0532688236188494e-05,6.053268856032997e-05,6.0532688845344544e-05,6.053268883985899e-05,6.053268893573349e-05,6.05326886243239e-05,0.20268211066089073,0.29053847668954913,6.053268890035504e-05,0.011362052272983326,6.053268898879707e-05
54,3.465003556552014e-05,0.039094671544830595,3.4650035424392595e-05,3.465003540631097e-05,0.06042472697871786,3.465003528983917e-05,3.4650035477132776e-05,3.465003536388715e-05,0.16014145549315764,3.465003522921953e-05,0.35035823870910854,3.465003542336825e-05,0.06759878467855918,0.025554766605798335,0.02673725503426791,3.465003518619187e-05,3.465003548486653e-05,3.4650035523107515e-05,0.19732849637069544,0.07238045419549052
55,2.426006842423233e-05,0.05960657855702482,2.4260068400866885e-05,2.4260068592569607e-05,2.426006849508913e-05,0.0450022217898996,2.426006843000493e-05,2.4260068397135423e-05,2.4260068482550588e-05,2.426006844469417e-05,2.4260068335442554e-05,0.05755015816829908,0.0773359285812727,2.4260068473327755e-05,0.025650511269304323,2.4260068486945693e-05,0.3051019748395397,0.39881214422932637,2.4260068429150565e-05,0.030649361743941277
56,2.512562856555485e-05,0.07529720067572306,2.5125628641417392e-05,2.5125628767022068e-05,2.512562870589806e-05,2.5125628623737785e-05,0.7172321683749587,2.5125628599553927e-05,0.09965994348147005,2.5125628702024358e-05,0.042731815513012056,2.512562860041689e-05,2.5125628669067e-05,2.5125628769176114e-05,0.06470198752504933,2.512562872463689e-05,2.5125628665946504e-05,2.5125628544909992e-05,2.512562856791822e-05,2.5125628639584497e-05
57,2.863688504728735e-05,2.8636885100755412e-05,2.863688516287813e-05,2.863688495346814e-05,0.15449568397562277,2.863688482178007e-05,2.863688492643269e-05,2.8636885032389994e-05,0.045616647241381224,2.8636884817760403e-05,2.863688481898429e-05,2.8636884927606675e-05,0.09050524549841969,2.8636884970066285e-05,2.8636884977773204e-05,0.5092552058818107,2.863688499672809e-05,2.8636884816545958e-05,0.19969766412841705,2.86368849780265e-05
58,2.423654921933428e-05,2.423654926947782e-05,2.4236549322082196e-05,2.4236549305593602e-05,2.423654930349929e-05,0.5599957399611485,2.4236549269230413e-05,2.423654925705235e-05,2.4236549294069224e-05,2.4236549235204842e-05,2.4236549175797075e-05,0.009831040796177927,0.0647677211959606,0.18711527275160222,0.003577388632292085,2.4236549207050436e-05,0.02954667192431644,0.08445428721731976,0.06042103893005818,2.4236549265692804e-05
59,3.013863847394558e-05,3.0138638354970943e-05,3.013863837426371e-05,0.002198779302742899,3.0138638559689434e-05,0.018822047781057966,3.0138638527082755e-05,3.0138638378077266e-05,0.03276665549321209,3.013863825993048e-05,3.0138638379927145e-05,3.013863836796355e-05,0.8237139635163868,0.038917281708498994,3.013863824233966e-05,0.0491113463822056,0.010186287802719005,3.013863834551223e-05,0.023921974352487097,3.013863842587607e-05
60,2.5853154734850873e-05,2.585315476723928e-05,0.35867675204759064,2.5853154585793627e-05,2.5853154569305548e-05,0.07824121981493347,0.060838372993853314,2.5853154689097907e-05,0.16419683129069554,2.585315464070308e-05,2.5853154706856044e-05,2.585315480221212e-05,0.08705437951692341,0.017794054458881457,0.006998958998183597,0.018551634621156363,2.5853154675960006e-05,0.17866676211442284,0.028722502596487776,2.585315469963079e-05
61,2.153316156858133e-05,2.1533161410610493e-05,2.153316161936922e-05,2.1533161440951165e-05,2.1533161552078757e-05,2.1533161589413276e-05,2.1533161628340986e-05,2.153316148526203e-05,2.1533161630020493e-05,2.153316163915457e-05,2.1533161491665952e-05,0.18838472997080719,0.12455163318138147,0.018853050625544935,2.1533161587637326e-05,2.153316158720462e-05,0.6173508946430888,2.153316151303527e-05,0.05053669415587687,2.1533161557337778e-05
62,1.539408895248525e-05,1.539408889165371e-05,1.539408894172657e-05,1.5394088917241048e-05,1.5394088860078487e-05,0.9997075123104197,1.539408895418377e-05,1.539408897659519e-05,1.539408891700432e-05,1.5394088974118165e-05,1.539408887710955e-05,1.5394088947264236e-05,1.5394088953985222e-05,1.539408892337867e-05,1.539408893934089e-05,1.5394088918744982e-05,1.5394088912722435e-05,1.5394088879160754e-05,1.5394088914054435e-05,1.5394088929345708e-05
63,6.93481297279139e-05,6.934812906368938e-05,0.18772884736027265,6.934812937100606e-05,6.934812883141286e-05,0.16591346680949717,6.934812886379184e-05,6.934812886061618e-05,6.934812937571752e-05,6.934812935813822e-05,6.93481291140797e-05,0.5038824794637152,6.934812929637374e-05,6.934812924571012e-05,6.934812914326928e-05,6.934812895027949e-05,6.934812932453701e-05,0.14136563630021018,6.934812887978716e-05,6.934812889831498e-05
64,0.2408896637780807,1.6458196503777355e-05,0.06277388710889469,1.6458196588150778e-05,0.051995056368754664,1.6458196590659513e-05,0.04905852636438344,0.36785363909918994,0.0036535757121017097,1.6458196546238653e-05,1.64581965036687e-05,0.07735126942258538,0.07429358209117319,0.01830345698548479,0.04413139396719142,1.645819657954866e-05,1.645819653036232e-05,1.6458196591209854e-05,0.009547825333179617,1.6458196546803722e-05
65,3.909304250164553e-05,3.90930424131545e-05,0.6323385956241308,3.909304221082513e-05,0.05277615185031484,3.909304213730934e-05,3.909304221855802e-05,3.9093042361805815e-05,3.909304212227291e-05,3.909304225723253e-05,3.9093042411120555e-05,3.909304230464987e-05,0.2507101088125244,3.9093042510721214e-05,0.06354965503690947,3.9093042101357936e-05,3.9093042117187565e-05,3.90930421364852e-05,3.909304212714032e-05,3.909304218895164e-05
66,4.088307543313483e-05,4.088307578516665e-05,4.088307521306261e-05,4.088307513373148e-05,4.0883075147660245e-05,4.088307527030951e-05,4.088307524970921e-05,4.08830751908091e-05,4.0883075577925504e-05,0.020672919841297616,4.088307525870994e-05,4.088307513851825e-05,4.08830754544723e-05,4.088307537393882e-05,0.024387673361593223,0.0699567316735021,0.05755834959641203,0.7724184396160856,4.0883075201763234e-05,0.05443352285668056
67,0.03400166077682276,2.263467673282164e-05,0.7899397640844343,2.2634676732859936e-05,0.030258166542114013,2.2634676827262795e-05,2.2634676900017358e-05,2.26346768247256e-05,2.2634676875792934e-05,2.2634676907238897e-05,2.2634676676717135e-05,0.14543825376779754,2.263467685237711e-05,2.2634676807930667e-05,2.263467675717451e-05,2.263467672630892e-05,2.2634676809382715e-05,2.2634676713432222e-05,2.2634676951336018e-05,2.2634676735964003e-05
68,2.185314710419651e-05,2.18531471291602e-05,2.1853147126168273e-05,2.1853147142369353e-05,2.185314707094889e-05,2.1853147106701948e-05,2.1853147150344944e-05,2.1853147116233596e-05,2.1853147053020374e-05,0.9995847902045475,2.1853147148003688e-05,2.1853147194296562e-05,2.1853147163852043e-05,2.185314713223354e-05,2.1853147328268745e-05,2.1853147086533826e-05,2.1853147125915586e-05,2.185314705482406e-05,2.185314707824021e-05,2.1853147141415523e-05
69,4.314063928705911e-05,0.025379083907908308,4.3140639178285e-05,0.01756258098007655,4.3140639304985426e-05,4.314063962753847e-05,4.3140639421189774e-05,4.314063942748605e-05,0.022939740822290167,4.314063957253985e-05,4.314063926887967e-05,0.08808821982358622,0.7846588386986325,4.3140639350434036e-05,0.04872383632419952,4.314063938024148e-05,4.314063969867345e-05,4.3140639280759355e-05,0.012086871131281995,4.3140639226715095e-05
70,5.701254386613836e-05,5.7012544167599594e-05,5.701254416769111e-05,5.701254428054238e-05,0.0467112654818931,0.06848096767978329,0.3449167126055614,5.701254421962913e-05,0.07567767640616677,5.70125436303554e-05,5.701254338376847e-05,0.274130574394112,0.17512938248231472,5.701254429288959e-05,5.701254400668379e-05,5.7012543979370415e-05,0.014212257878054772,5.7012543908184424e-05,5.701254413561729e-05,5.701254407548257e-05
71,2.2553000134838195e-05,2.2552999984090704e-05,2.255300001309403e-05,2.2553000019858114e-05,2.2552999953771743e-05,0.15191752691334148,2.2553000030944183e-05,2.255300000688686e-05,2.255299991808981e-05,0.0355568659880276,2.2552999862166817e-05,0.01704134291077861,0.09897241452398971,2.25530000957206e-05,2.2553000025666314e-05,0.6961735546636708,2.2553000027284997e-05,2.255300017294983e-05,2.2552999968954978e-05,2.2552999977475177e-05
72,0.7174298834809468,2.1213407392772225e-05,2.1213407546587747e-05,2.1213407350708705e-05,2.121340738191683e-05,2.1213407398571114e-05,0.013435785872396517,2.12134072560288e-05,0.0049688672948477175,2.1213407376994946e-05,2.121340740301187e-05,2.1213407357828098e-05,0.09882952955475431,0.07215355057305921,0.03278661758347993,2.1213407292950263e-05,0.06011999134448599,2.1213407431321054e-05,2.1213407422990746e-05,2.1213407417698094e-05
73,0.1041138795757457,5.235602210145531e-05,5.23560224514547e-05,0.01788787888502735,0.00984710280552095,5.235602218188012e-05,5.2356022071540225e-05,5.2356022217130044e-05,5.235602248566935e-05,5.235602182683738e-05,0.01711361376689786,0.09174611497039846,0.7435091934783212,5.235602190027772e-05,5.2356021973098056e-05,0.015101588230932148,5.235602204394558e-05,5.235602176965311e-05,5.235602230189189e-05,5.235602183158533e-05
74,4.4365573414951744e-05,4.436557332377441e-05,4.436557300044985e-05,4.436557316275131e-05,0.041861145405346245,0.30315812602790093,4.436557346675339e-05,4.436557321124781e-05,4.43655730675168e-05,4.4365573511175494e-05,4.436557320575484e-05,0.07546285704731813,0.5508998464035048,4.436557316334443e-05,4.436557343820685e-05,4.436557330709311e-05,4.436557316345493e-05,0.027952541516709534,4.436557352727227e-05,4.436557325698688e-05
75,2.652519954807792e-05,2.6525199409370117e-05,2.6525199525602462e-05,2.652519950803865e-05,0.04276135185723143,2.652519960414037e-05,0.06066419565713031,2.6525199347224947e-05,2.6525199515156e-05,0.006294460444707431,2.6525199344820027e-05,2.652519953998938e-05,0.14998498255442103,0.5438076052232735,0.02646219734127934,2.6525199562757986e-05,0.1101187019487634,2.652519950850542e-05,2.6525199471450985e-05,0.05958820257930829
76,8.996041892134794e-06,8.99604192279143e-06,8.996041904411258e-06,8.996041946877397e-06,0.9619062697021834,8.996041924370471e-06,8.996041935605863e-06,8.996041920280603e-06,8.996041910046766e-06,8.996041888687031e-06,0.03793180154317263,8.996041933084743e-06,8.99604194075371e-06,8.9960419520817e-06,8.996041966511256e-06,8.996041910541491e-06,8.996041956034285e-06,8.996041919420182e-06,8.996041903259117e-06,8.996041917160674e-06
77,0.014245113142955462,2.0391517691903558e-05,0.18789931652705666,2.039151763783482e-05,2.0391517611019047e-05,0.06966114447257635,0.33571024255801074,2.0391517617130983e-05,0.02239382002188628,2.0391517461883887e-05,0.015559485586594325,0.05672335016107206,0.07025691083887577,0.03720140118425272,2.0391517619116503e-05,0.05818285561864974,0.01184811809630429,0.12015510965087779,2.039151766736766e-05,2.039151758153626e-05
78,2.5087807868343703e-05,0.10823851426297759,2.5087807791774588e-05,2.5087808025724698e-05,2.508780781848074e-05,2.508780788909149e-05,2.5087807853728058e-05,2.5087807775965314e-05,0.61909980674323,2.508780772468264e-05,2.5087807870115892e-05,2.508780782426521e-05,2.5087807936247356e-05,0.07279768349233703,0.03257636619687364,2.5087807787027513e-05,0.16691131218677446,2.5087807968048324e-05,2.508780774389845e-05,2.508780793008651e-05
79,1.7349063564130873e-05,0.09605168821628356,1.7349063534474668e-05,0.012616774842814123,0.06266347470449479,1.7349063471800216e-05,0.01803391349946013,0.050300737431909374,1.7349063567814914e-05,1.7349063540876563e-05,0.5662457412787157,0.00288930204799956,1.734906353515231e-05,0.0790416091079823,0.09727087346413643,1.7349063528681406e-05,1.7349063557807264e-05,1.734906348908137e-05,0.009785047080822708,0.004944696753591462
80,2.0008003705186855e-05,2.0008003751546605e-05,0.13715992988878517,2.0008003752124834e-05,0.022413069207352997,2.0008003654290953e-05,2.0008003585848312e-05,2.000800374763958e-05,0.6053185195552445,2.0008003670143083e-05,0.02809583131012418,0.08014451509295917,0.03933195880102083,2.0008003659084075e-05,2.00080036496158e-05,2.0008003602899516e-05,2.0008003720701524e-05,2.0008003597902858e-05,0.08727607209674489,2.0008003671215274e-05
81,0.08401528465186092,1.844337911409135e-05,0.06628230367556584,1.8443379117045255e-05,1.844337921647673e-05,1.8443379239201707e-05,1.8443379143520544e-05,0.022291583934807856,0.09074242726687344,1.8443379113538474e-05,0.01687374529450629,1.8443379226908427e-05,0.025498755274659585,1.844337923579969e-05,1.8443379342847556e-05,1.8443379220883312e-05,1.8443379191089602e-05,1.8443379196572237e-05,0.6940561359722216,1.8443379146397705e-05
82,0.695730206068588,9.402031021699748e-06,0.08445060542104368,9.402031025007845e-06,0.08353582625120402,9.402031067272297e-06,0.022167795521565753,0.006255983989252832,9.402031046228946e-06,9.402031043544872e-06,9.40203097689933e-06,0.030837920012273555,9.402031062203734e-06,9.402031053965664e-06,0.00406649530823867,0.01815226040483264,0.010471689533218587,0.010531136838243738,0.03371546237219233,9.402031049208918e-06
83,0.0888406260001296,3.0978935106946175e-05,3.097893510767033e-05,3.0978934982420195e-05,3.0978935011871057e-05,3.0978934937783544e-05,3.0978935084391876e-05,3.0978934791068215e-05,3.097893512006342e-05,3.0978934822927e-05,3.097893487994654e-05,3.097893495777384e-05,3.0978935016871485e-05,3.097893495934358e-05,3.097893510090056e-05,3.0978934999682056e-05,0.2726823290125877,0.07179801673375383,3.097893514330976e-05,0.5661833652935059
84,3.1806616327712045e-05,3.18066166113904e-05,0.03372094888867384,3.180661620711177e-05,3.180661678694469e-05,0.1139956479811605,3.180661637727287e-05,3.180661657621597e-05,0.05366218806999902,3.180661642521575e-05,3.1806616373460355e-05,3.180661651693954e-05,0.624675110446109,0.05992913800496141,3.180661634377865e-05,3.1806616402261475e-05,0.11357167397873594,3.18066163789262e-05,3.180661665271455e-05,3.180661638037761e-05
85,5.4171182304977016e-05,5.417118235536351e-05,5.417118211466762e-05,5.417118197004444e-05,5.417118175859798e-05,0.06378286582809373,5.4171182127721406e-05,5.417118199512132e-05,5.417118218078769e-05,5.417118293366878e-05,5.417118199818458e-05,5.4171182073187175e-05,0.18300943306017134,0.22566830254689293,5.41711821591423e-05,0.019973066422349334,0.012754783912972634,0.4940531516795917,5.417118200289067e-05,5.41711819539049e-05
86,0.040768292290667425,3.491620207708062e-05,3.4916201748643015e-05,0.028219490374172266,3.4916201957846364e-05,3.4916202049892085e-05,0.061669440989499835,3.4916201878486146e-05,3.4916201994662596e-05,3.491620195360735e-05,0.1881160968460435,0.032102561702423475,0.1033317110300192,0.15643554137148277,0.05522588367335091,3.4916202047295835e-05,0.33374690350102826,3.491620173656127e-05,3.491620184229824e-05,3.491620202602343e-05
87,2.016942358737409e-05,2.0169423614999364e-05,2.016942356770081e-05,2.0169423626333092e-05,2.0169423680300336e-05,0.03242723488522033,2.0169423537046658e-05,0.6046304024298128,2.0169423578269183e-05,2.0169423697955636e-05,0.08480223612484371,2.0169423620189003e-05,0.2778174157822982,2.016942366052019e-05,2.0169423671110296e-05,2.0169423565123455e-05,2.0169423670282098e-05,2.0169423574678014e-05,2.01694236250296e-05,2.0169423548067783e-05
88,1.9230769504643274e-05,0.9996346153750278,1.923076951852373e-05,1.9230769569217864e-05,1.9230769550971643e-05,1.9230769537678887e-05,1.923076958440145e-05,1.9230769540345103e-05,1.923076956472795e-05,1.923076955611079e-05,1.9230769611338678e-05,1.9230769534724064e-05,1.9230769501824826e-05,1.923076949634882e-05,1.923077340806547e-05,1.9230769491998732e-05,1.923076948795194e-05,1.9230769459900626e-05,1.923076948720068e-05,1.9230769566172347e-05
89,1.9275250880645537e-05,1.927525093696816e-05,1.9275251011905293e-05,1.9275250958088245e-05,1.9275250940383152e-05,1.927525111206163e-05,1.9275251020059496e-05,1.9275250897134717e-05,1.9275250927365123e-05,1.927525092130819e-05,1.927525092684924e-05,1.9275251040974152e-05,0.06487781832010005,0.09905298730266543,1.9275251109740885e-05,1.927525087852993e-05,0.07678868929812016,1.9275250929410284e-05,0.7589721010635919,1.9275251030899803e-05
90,2.399232297577198e-05,0.21814035905726079,2.3992323013618745e-05,0.02284102358453567,0.03485553985017092,2.3992323004976532e-05,2.3992322998771765e-05,2.3992323066135194e-05,0.13284196495531295,2.3992322963214955e-05,0.02827875332489596,2.3992322989938323e-05,0.09396716392647114,0.3804206543140838,0.013719501452967357,2.3992323010801317e-05,0.0746711239812647,2.3992323001644237e-05,2.3992323069422218e-05,2.399232294233013e-05
